tile_IWBTG,32,160,0,0,32,32,0,1,1,4294967295
tile_IWBTG,64,192,0,0,32,32,0,1,1,4294967295
tile_IWBTG,96,352,0,0,32,32,0,1,1,4294967295
tile_IWBTG,160,448,0,0,32,32,0,1,1,4294967295
tile_IWBTG,192,448,0,0,32,32,0,1,1,4294967295
tile_IWBTG,224,480,0,0,32,32,0,1,1,4294967295
tile_IWBTG,256,480,0,0,32,32,0,1,1,4294967295
tile_IWBTG,384,480,0,0,32,32,0,1,1,4294967295
tile_IWBTG,416,480,0,0,32,32,0,1,1,4294967295
tile_IWBTG,448,480,0,0,32,32,0,1,1,4294967295
tile_IWBTG,480,480,0,0,32,32,0,1,1,4294967295
tile_IWBTG,512,480,0,0,32,32,0,1,1,4294967295
tile_IWBTG,544,480,0,0,32,32,0,1,1,4294967295
tile_IWBTG,576,480,0,0,32,32,0,1,1,4294967295
tile_IWBTG,608,480,0,0,32,32,0,1,1,4294967295
tile_IWBTG,640,480,0,0,32,32,0,1,1,4294967295
tile_IWBTG,672,480,0,0,32,32,0,1,1,4294967295
tile_IWBTG,704,480,0,0,32,32,0,1,1,4294967295
tile_IWBTG,736,512,0,0,32,32,0,1,1,4294967295
tile_IWBTG,128,416,0,0,32,32,0,1,1,4294967295
tile_IWBTG,0,128,0,0,32,32,0,1,1,4294967295
tile_IWBTG,0,160,32,0,32,32,0,1,1,4294967295
tile_IWBTG,0,192,32,0,32,32,0,1,1,4294967295
tile_IWBTG,32,192,32,0,32,32,0,1,1,4294967295
tile_IWBTG,32,224,32,0,32,32,0,1,1,4294967295
tile_IWBTG,32,256,32,0,32,32,0,1,1,4294967295
tile_IWBTG,32,288,32,0,32,32,0,1,1,4294967295
tile_IWBTG,32,320,32,0,32,32,0,1,1,4294967295
tile_IWBTG,32,352,32,0,32,32,0,1,1,4294967295
tile_IWBTG,32,384,32,0,32,32,0,1,1,4294967295
tile_IWBTG,32,416,32,0,32,32,0,1,1,4294967295
tile_IWBTG,64,384,32,0,32,32,0,1,1,4294967295
tile_IWBTG,64,352,32,0,32,32,0,1,1,4294967295
tile_IWBTG,64,320,32,0,32,32,0,1,1,4294967295
tile_IWBTG,64,288,32,0,32,32,0,1,1,4294967295
tile_IWBTG,64,256,32,0,32,32,0,1,1,4294967295
tile_IWBTG,64,224,32,0,32,32,0,1,1,4294967295
tile_IWBTG,0,256,32,0,32,32,0,1,1,4294967295
tile_IWBTG,0,288,32,0,32,32,0,1,1,4294967295
tile_IWBTG,0,320,32,0,32,32,0,1,1,4294967295
tile_IWBTG,0,352,32,0,32,32,0,1,1,4294967295
tile_IWBTG,0,224,32,0,32,32,0,1,1,4294967295
tile_IWBTG,0,384,32,0,32,32,0,1,1,4294967295
tile_IWBTG,0,416,32,0,32,32,0,1,1,4294967295
tile_IWBTG,0,448,32,0,32,32,0,1,1,4294967295
tile_IWBTG,0,480,32,0,32,32,0,1,1,4294967295
tile_IWBTG,0,512,32,0,32,32,0,1,1,4294967295
tile_IWBTG,0,544,32,0,32,32,0,1,1,4294967295
tile_IWBTG,0,576,32,0,32,32,0,1,1,4294967295
tile_IWBTG,32,576,32,0,32,32,0,1,1,4294967295
tile_IWBTG,64,544,32,0,32,32,0,1,1,4294967295
tile_IWBTG,64,512,32,0,32,32,0,1,1,4294967295
tile_IWBTG,96,512,32,0,32,32,0,1,1,4294967295
tile_IWBTG,96,480,32,0,32,32,0,1,1,4294967295
tile_IWBTG,64,480,32,0,32,32,0,1,1,4294967295
tile_IWBTG,32,512,32,0,32,32,0,1,1,4294967295
tile_IWBTG,32,544,32,0,32,32,0,1,1,4294967295
tile_IWBTG,32,480,32,0,32,32,0,1,1,4294967295
tile_IWBTG,32,448,32,0,32,32,0,1,1,4294967295
tile_IWBTG,64,448,32,0,32,32,0,1,1,4294967295
tile_IWBTG,96,448,32,0,32,32,0,1,1,4294967295
tile_IWBTG,96,416,32,0,32,32,0,1,1,4294967295
tile_IWBTG,96,384,32,0,32,32,0,1,1,4294967295
tile_IWBTG,64,416,32,0,32,32,0,1,1,4294967295
tile_IWBTG,128,448,32,0,32,32,0,1,1,4294967295
tile_IWBTG,128,480,32,0,32,32,0,1,1,4294967295
tile_IWBTG,128,512,32,0,32,32,0,1,1,4294967295
tile_IWBTG,128,544,32,0,32,32,0,1,1,4294967295
tile_IWBTG,96,544,32,0,32,32,0,1,1,4294967295
tile_IWBTG,96,576,32,0,32,32,0,1,1,4294967295
tile_IWBTG,64,576,32,0,32,32,0,1,1,4294967295
tile_IWBTG,160,512,32,0,32,32,0,1,1,4294967295
tile_IWBTG,160,480,32,0,32,32,0,1,1,4294967295
tile_IWBTG,128,576,32,0,32,32,0,1,1,4294967295
tile_IWBTG,160,576,32,0,32,32,0,1,1,4294967295
tile_IWBTG,192,576,32,0,32,32,0,1,1,4294967295
tile_IWBTG,224,576,32,0,32,32,0,1,1,4294967295
tile_IWBTG,256,576,32,0,32,32,0,1,1,4294967295
tile_IWBTG,256,544,32,0,32,32,0,1,1,4294967295
tile_IWBTG,224,512,32,0,32,32,0,1,1,4294967295
tile_IWBTG,192,512,32,0,32,32,0,1,1,4294967295
tile_IWBTG,160,544,32,0,32,32,0,1,1,4294967295
tile_IWBTG,192,544,32,0,32,32,0,1,1,4294967295
tile_IWBTG,224,544,32,0,32,32,0,1,1,4294967295
tile_IWBTG,256,512,32,0,32,32,0,1,1,4294967295
tile_IWBTG,288,544,32,0,32,32,0,1,1,4294967295
tile_IWBTG,320,544,32,0,32,32,0,1,1,4294967295
tile_IWBTG,320,576,32,0,32,32,0,1,1,4294967295
tile_IWBTG,352,576,32,0,32,32,0,1,1,4294967295
tile_IWBTG,384,576,32,0,32,32,0,1,1,4294967295
tile_IWBTG,416,576,32,0,32,32,0,1,1,4294967295
tile_IWBTG,448,576,32,0,32,32,0,1,1,4294967295
tile_IWBTG,480,576,32,0,32,32,0,1,1,4294967295
tile_IWBTG,512,576,32,0,32,32,0,1,1,4294967295
tile_IWBTG,544,576,32,0,32,32,0,1,1,4294967295
tile_IWBTG,576,576,32,0,32,32,0,1,1,4294967295
tile_IWBTG,608,576,32,0,32,32,0,1,1,4294967295
tile_IWBTG,640,576,32,0,32,32,0,1,1,4294967295
tile_IWBTG,672,544,32,0,32,32,0,1,1,4294967295
tile_IWBTG,768,544,32,0,32,32,0,1,1,4294967295
tile_IWBTG,736,544,32,0,32,32,0,1,1,4294967295
tile_IWBTG,704,544,32,0,32,32,0,1,1,4294967295
tile_IWBTG,704,576,32,0,32,32,0,1,1,4294967295
tile_IWBTG,704,512,32,0,32,32,0,1,1,4294967295
tile_IWBTG,672,512,32,0,32,32,0,1,1,4294967295
tile_IWBTG,640,512,32,0,32,32,0,1,1,4294967295
tile_IWBTG,608,512,32,0,32,32,0,1,1,4294967295
tile_IWBTG,576,512,32,0,32,32,0,1,1,4294967295
tile_IWBTG,544,512,32,0,32,32,0,1,1,4294967295
tile_IWBTG,512,512,32,0,32,32,0,1,1,4294967295
tile_IWBTG,480,512,32,0,32,32,0,1,1,4294967295
tile_IWBTG,448,512,32,0,32,32,0,1,1,4294967295
tile_IWBTG,416,512,32,0,32,32,0,1,1,4294967295
tile_IWBTG,384,512,32,0,32,32,0,1,1,4294967295
tile_IWBTG,352,544,32,0,32,32,0,1,1,4294967295
tile_IWBTG,288,576,32,0,32,32,0,1,1,4294967295
tile_IWBTG,416,544,32,0,32,32,0,1,1,4294967295
tile_IWBTG,448,544,32,0,32,32,0,1,1,4294967295
tile_IWBTG,480,544,32,0,32,32,0,1,1,4294967295
tile_IWBTG,512,544,32,0,32,32,0,1,1,4294967295
tile_IWBTG,544,544,32,0,32,32,0,1,1,4294967295
tile_IWBTG,576,544,32,0,32,32,0,1,1,4294967295
tile_IWBTG,672,576,32,0,32,32,0,1,1,4294967295
tile_IWBTG,736,576,32,0,32,32,0,1,1,4294967295
tile_IWBTG,768,576,32,0,32,32,0,1,1,4294967295
tile_IWBTG,640,544,32,0,32,32,0,1,1,4294967295
tile_IWBTG,608,544,32,0,32,32,0,1,1,4294967295
tile_IWBTG,768,512,0,0,32,32,0,1,1,4294967295
tile_IWBTG,192,480,32,0,32,32,0,1,1,4294967295
tile_pallisade,96,320,0,0,24,32,0,1,1,4294967295
tile_pallisade,120,320,0,0,24,32,0,1,1,4294967295
tile_pallisade,144,320,0,0,24,32,0,1,1,4294967295
tile_pallisade,168,320,0,0,24,32,0,1,1,4294967295
tile_pallisade,192,320,0,0,24,32,0,1,1,4294967295
tile_pallisade,216,320,0,0,24,32,0,1,1,4294967295
tile_pallisade,240,320,0,0,24,32,0,1,1,4294967295
tile_pallisade,264,288,0,0,24,32,0,1,1,4294967295
tile_pallisade,288,288,0,0,24,32,0,1,1,4294967295
tile_pallisade,312,288,0,0,24,32,0,1,1,4294967295
tile_pallisade,336,288,0,0,24,32,0,1,1,4294967295
tile_pallisade,360,288,0,0,24,32,0,1,1,4294967295
tile_pallisade,384,320,0,0,24,32,0,1,1,4294967295
tile_pallisade,408,320,0,0,24,32,0,1,1,4294967295
tile_pallisade,432,320,0,0,24,32,0,1,1,4294967295
tile_pallisade,456,320,0,0,24,32,0,1,1,4294967295
tile_pallisade,480,288,0,0,24,32,0,1,1,4294967295
tile_pallisade,504,320,0,0,24,32,0,1,1,4294967295
tile_pallisade,528,320,0,0,24,32,0,1,1,4294967295
tile_pallisade,552,320,0,0,24,32,0,1,1,4294967295
tile_pallisade,576,320,0,0,24,32,0,1,1,4294967295
tile_pallisade,600,288,0,0,24,32,0,1,1,4294967295
tile_pallisade,624,288,0,0,24,32,0,1,1,4294967295
tile_pallisade,648,288,0,0,24,32,0,1,1,4294967295
tile_pallisade,672,320,0,0,24,32,0,1,1,4294967295
tile_pallisade,696,320,0,0,24,32,0,1,1,4294967295
tile_pallisade,720,320,0,0,24,32,0,1,1,4294967295
tile_pallisade,744,352,0,0,24,32,0,1,1,4294967295
tile_pallisade,768,352,0,0,24,32,0,1,1,4294967295
tile_IWBTG,800,512,0,0,32,32,0,1,1,4294967295
tile_IWBTG,832,512,0,0,32,32,0,1,1,4294967295
tile_IWBTG,864,512,0,0,32,32,0,1,1,4294967295
tile_IWBTG,896,512,0,0,32,32,0,1,1,4294967295
tile_IWBTG,1408,512,0,0,32,32,0,1,1,4294967295
tile_IWBTG,1440,512,0,0,32,32,0,1,1,4294967295
tile_IWBTG,1472,512,0,0,32,32,0,1,1,4294967295
tile_IWBTG,1504,512,0,0,32,32,0,1,1,4294967295
tile_IWBTG,1536,512,0,0,32,32,0,1,1,4294967295
tile_IWBTG,1568,512,0,0,32,32,0,1,1,4294967295
tile_IWBTG,1376,512,0,0,32,32,0,1,1,4294967295
tile_IWBTG,1344,512,0,0,32,32,0,1,1,4294967295
tile_IWBTG,928,480,0,0,32,32,0,1,1,4294967295
tile_IWBTG,960,480,0,0,32,32,0,1,1,4294967295
tile_IWBTG,992,448,0,0,32,32,0,1,1,4294967295
tile_IWBTG,1024,448,0,0,32,32,0,1,1,4294967295
tile_IWBTG,1056,416,0,0,32,32,0,1,1,4294967295
tile_IWBTG,1088,416,0,0,32,32,0,1,1,4294967295
tile_IWBTG,1120,416,0,0,32,32,0,1,1,4294967295
tile_IWBTG,1152,448,0,0,32,32,0,1,1,4294967295
tile_IWBTG,1184,448,0,0,32,32,0,1,1,4294967295
tile_IWBTG,1216,480,0,0,32,32,0,1,1,4294967295
tile_IWBTG,1248,480,0,0,32,32,0,1,1,4294967295
tile_IWBTG,1280,512,0,0,32,32,0,1,1,4294967295
tile_IWBTG,1312,512,0,0,32,32,0,1,1,4294967295
tile_IWBTG,800,544,32,0,32,32,0,1,1,4294967295
tile_IWBTG,832,544,32,0,32,32,0,1,1,4294967295
tile_IWBTG,864,544,32,0,32,32,0,1,1,4294967295
tile_IWBTG,928,544,32,0,32,32,0,1,1,4294967295
tile_IWBTG,1024,544,32,0,32,32,0,1,1,4294967295
tile_IWBTG,1120,544,32,0,32,32,0,1,1,4294967295
tile_IWBTG,1216,544,32,0,32,32,0,1,1,4294967295
tile_IWBTG,1280,544,32,0,32,32,0,1,1,4294967295
tile_IWBTG,1376,544,32,0,32,32,0,1,1,4294967295
tile_IWBTG,1440,544,32,0,32,32,0,1,1,4294967295
tile_IWBTG,1472,544,32,0,32,32,0,1,1,4294967295
tile_IWBTG,1504,544,32,0,32,32,0,1,1,4294967295
tile_IWBTG,1536,544,32,0,32,32,0,1,1,4294967295
tile_IWBTG,1568,544,32,0,32,32,0,1,1,4294967295
tile_IWBTG,1568,576,32,0,32,32,0,1,1,4294967295
tile_IWBTG,1536,576,32,0,32,32,0,1,1,4294967295
tile_IWBTG,1504,576,32,0,32,32,0,1,1,4294967295
tile_IWBTG,1472,576,32,0,32,32,0,1,1,4294967295
tile_IWBTG,1440,576,32,0,32,32,0,1,1,4294967295
tile_IWBTG,1408,576,32,0,32,32,0,1,1,4294967295
tile_IWBTG,1376,576,32,0,32,32,0,1,1,4294967295
tile_IWBTG,1344,576,32,0,32,32,0,1,1,4294967295
tile_IWBTG,1312,576,32,0,32,32,0,1,1,4294967295
tile_IWBTG,1280,576,32,0,32,32,0,1,1,4294967295
tile_IWBTG,1248,576,32,0,32,32,0,1,1,4294967295
tile_IWBTG,1216,576,32,0,32,32,0,1,1,4294967295
tile_IWBTG,1184,576,32,0,32,32,0,1,1,4294967295
tile_IWBTG,1152,576,32,0,32,32,0,1,1,4294967295
tile_IWBTG,1120,576,32,0,32,32,0,1,1,4294967295
tile_IWBTG,1088,576,32,0,32,32,0,1,1,4294967295
tile_IWBTG,1056,576,32,0,32,32,0,1,1,4294967295
tile_IWBTG,1024,576,32,0,32,32,0,1,1,4294967295
tile_IWBTG,992,576,32,0,32,32,0,1,1,4294967295
tile_IWBTG,960,576,32,0,32,32,0,1,1,4294967295
tile_IWBTG,928,576,32,0,32,32,0,1,1,4294967295
tile_IWBTG,896,576,32,0,32,32,0,1,1,4294967295
tile_IWBTG,864,576,32,0,32,32,0,1,1,4294967295
tile_IWBTG,832,576,32,0,32,32,0,1,1,4294967295
tile_IWBTG,800,576,32,0,32,32,0,1,1,4294967295
tile_IWBTG,896,544,32,0,32,32,0,1,1,4294967295
tile_IWBTG,960,544,32,0,32,32,0,1,1,4294967295
tile_IWBTG,992,544,32,0,32,32,0,1,1,4294967295
tile_IWBTG,1056,544,32,0,32,32,0,1,1,4294967295
tile_IWBTG,1088,544,32,0,32,32,0,1,1,4294967295
tile_IWBTG,1152,544,32,0,32,32,0,1,1,4294967295
tile_IWBTG,1184,544,32,0,32,32,0,1,1,4294967295
tile_IWBTG,1248,544,32,0,32,32,0,1,1,4294967295
tile_IWBTG,1312,544,32,0,32,32,0,1,1,4294967295
tile_IWBTG,1344,544,32,0,32,32,0,1,1,4294967295
tile_IWBTG,1408,544,32,0,32,32,0,1,1,4294967295
tile_IWBTG,1248,512,32,0,32,32,0,1,1,4294967295
tile_IWBTG,1216,512,32,0,32,32,0,1,1,4294967295
tile_IWBTG,1184,512,32,0,32,32,0,1,1,4294967295
tile_IWBTG,1152,512,32,0,32,32,0,1,1,4294967295
tile_IWBTG,1120,512,32,0,32,32,0,1,1,4294967295
tile_IWBTG,1088,512,32,0,32,32,0,1,1,4294967295
tile_IWBTG,1056,512,32,0,32,32,0,1,1,4294967295
tile_IWBTG,1024,512,32,0,32,32,0,1,1,4294967295
tile_IWBTG,992,512,32,0,32,32,0,1,1,4294967295
tile_IWBTG,960,512,32,0,32,32,0,1,1,4294967295
tile_IWBTG,928,512,32,0,32,32,0,1,1,4294967295
tile_IWBTG,992,480,32,0,32,32,0,1,1,4294967295
tile_IWBTG,1024,480,32,0,32,32,0,1,1,4294967295
tile_IWBTG,1056,480,32,0,32,32,0,1,1,4294967295
tile_IWBTG,1088,480,32,0,32,32,0,1,1,4294967295
tile_IWBTG,1120,480,32,0,32,32,0,1,1,4294967295
tile_IWBTG,1152,480,32,0,32,32,0,1,1,4294967295
tile_IWBTG,1184,480,32,0,32,32,0,1,1,4294967295
tile_IWBTG,1120,448,32,0,32,32,0,1,1,4294967295
tile_IWBTG,1088,448,32,0,32,32,0,1,1,4294967295
tile_IWBTG,1056,448,32,0,32,32,0,1,1,4294967295
tile_pallisade,792,320,0,0,24,32,0,1,1,4294967295
tile_pallisade,816,320,0,0,24,32,0,1,1,4294967295
tile_pallisade,840,320,0,0,24,32,0,1,1,4294967295
tile_pallisade,864,320,0,0,24,32,0,1,1,4294967295
tile_pallisade,888,288,0,0,24,32,0,1,1,4294967295
tile_pallisade,912,256,0,0,24,32,0,1,1,4294967295
tile_pallisade,936,256,0,0,24,32,0,1,1,4294967295
tile_pallisade,960,224,0,0,24,32,0,1,1,4294967295
tile_pallisade,984,224,0,0,24,32,0,1,1,4294967295
tile_pallisade,1008,224,0,0,24,32,0,1,1,4294967295
tile_pallisade,1032,224,0,0,24,32,0,1,1,4294967295
tile_pallisade,1056,224,0,0,24,32,0,1,1,4294967295
tile_pallisade,1080,224,0,0,24,32,0,1,1,4294967295
tile_pallisade,1104,224,0,0,24,32,0,1,1,4294967295
tile_pallisade,1128,224,0,0,24,32,0,1,1,4294967295
tile_pallisade,1152,256,0,0,24,32,0,1,1,4294967295
tile_pallisade,1200,320,0,0,24,32,0,1,1,4294967295
tile_pallisade,1224,320,0,0,24,32,0,1,1,4294967295
tile_pallisade,1248,352,0,0,24,32,0,1,1,4294967295
tile_pallisade,1272,352,0,0,24,32,0,1,1,4294967295
tile_pallisade,1176,288,0,0,24,32,0,1,1,4294967295
tile_pallisade,792,352,0,32,24,32,0,1,1,4294967295
tile_pallisade,816,352,0,32,24,32,0,1,1,4294967295
tile_pallisade,840,352,0,32,24,32,0,1,1,4294967295
tile_pallisade,864,352,0,32,24,32,0,1,1,4294967295
tile_pallisade,888,352,0,32,24,32,0,1,1,4294967295
tile_pallisade,936,352,0,32,24,32,0,1,1,4294967295
tile_pallisade,960,352,0,32,24,32,0,1,1,4294967295
tile_pallisade,984,352,0,32,24,32,0,1,1,4294967295
tile_pallisade,1008,352,0,32,24,32,0,1,1,4294967295
tile_pallisade,1032,352,0,32,24,32,0,1,1,4294967295
tile_pallisade,1056,352,0,32,24,32,0,1,1,4294967295
tile_pallisade,1080,352,0,32,24,32,0,1,1,4294967295
tile_pallisade,1104,352,0,32,24,32,0,1,1,4294967295
tile_pallisade,1128,352,0,32,24,32,0,1,1,4294967295
tile_pallisade,1152,352,0,32,24,32,0,1,1,4294967295
tile_pallisade,1176,352,0,32,24,32,0,1,1,4294967295
tile_pallisade,1200,352,0,32,24,32,0,1,1,4294967295
tile_pallisade,1224,352,0,32,24,32,0,1,1,4294967295
tile_pallisade,912,352,0,32,24,32,0,1,1,4294967295
tile_pallisade,888,320,0,32,24,32,0,1,1,4294967295
tile_pallisade,912,320,0,32,24,32,0,1,1,4294967295
tile_pallisade,936,320,0,32,24,32,0,1,1,4294967295
tile_pallisade,960,320,0,32,24,32,0,1,1,4294967295
tile_pallisade,984,320,0,32,24,32,0,1,1,4294967295
tile_pallisade,1008,320,0,32,24,32,0,1,1,4294967295
tile_pallisade,1032,320,0,32,24,32,0,1,1,4294967295
tile_pallisade,1056,320,0,32,24,32,0,1,1,4294967295
tile_pallisade,1080,320,0,32,24,32,0,1,1,4294967295
tile_pallisade,1104,320,0,32,24,32,0,1,1,4294967295
tile_pallisade,1128,320,0,32,24,32,0,1,1,4294967295
tile_pallisade,1152,320,0,32,24,32,0,1,1,4294967295
tile_pallisade,1176,320,0,32,24,32,0,1,1,4294967295
tile_pallisade,1152,288,0,32,24,32,0,1,1,4294967295
tile_pallisade,1128,288,0,32,24,32,0,1,1,4294967295
tile_pallisade,1104,288,0,32,24,32,0,1,1,4294967295
tile_pallisade,1080,288,0,32,24,32,0,1,1,4294967295
tile_pallisade,1056,288,0,32,24,32,0,1,1,4294967295
tile_pallisade,1032,288,0,32,24,32,0,1,1,4294967295
tile_pallisade,1008,288,0,32,24,32,0,1,1,4294967295
tile_pallisade,984,288,0,32,24,32,0,1,1,4294967295
tile_pallisade,960,288,0,32,24,32,0,1,1,4294967295
tile_pallisade,936,288,0,32,24,32,0,1,1,4294967295
tile_pallisade,912,288,0,32,24,32,0,1,1,4294967295
tile_pallisade,984,256,0,32,24,32,0,1,1,4294967295
tile_pallisade,1008,256,0,32,24,32,0,1,1,4294967295
tile_pallisade,1032,256,0,32,24,32,0,1,1,4294967295
tile_pallisade,1056,256,0,32,24,32,0,1,1,4294967295
tile_pallisade,1080,256,0,32,24,32,0,1,1,4294967295
tile_pallisade,1104,256,0,32,24,32,0,1,1,4294967295
tile_pallisade,1128,256,0,32,24,32,0,1,1,4294967295
tile_pallisade,960,256,0,32,24,32,0,1,1,4294967295
tile_IWBTG,1600,512,0,0,32,32,0,1,1,4294967295
tile_IWBTG,1632,512,0,0,32,32,0,1,1,4294967295
tile_IWBTG,1664,512,0,0,32,32,0,1,1,4294967295
tile_IWBTG,1696,512,0,0,32,32,0,1,1,4294967295
tile_IWBTG,1728,512,0,0,32,32,0,1,1,4294967295
tile_IWBTG,1760,512,0,0,32,32,0,1,1,4294967295
tile_IWBTG,1792,512,0,0,32,32,0,1,1,4294967295
tile_IWBTG,1824,512,0,0,32,32,0,1,1,4294967295
tile_IWBTG,1856,512,0,0,32,32,0,1,1,4294967295
tile_IWBTG,1888,512,0,0,32,32,0,1,1,4294967295
tile_IWBTG,1600,544,32,0,32,32,0,1,1,4294967295
tile_IWBTG,1600,576,32,0,32,32,0,1,1,4294967295
tile_IWBTG,1632,576,32,0,32,32,0,1,1,4294967295
tile_IWBTG,1632,544,32,0,32,32,0,1,1,4294967295
tile_IWBTG,1664,544,32,0,32,32,0,1,1,4294967295
tile_IWBTG,1696,544,32,0,32,32,0,1,1,4294967295
tile_IWBTG,1728,544,32,0,32,32,0,1,1,4294967295
tile_IWBTG,1760,544,32,0,32,32,0,1,1,4294967295
tile_IWBTG,1792,544,32,0,32,32,0,1,1,4294967295
tile_IWBTG,1856,544,32,0,32,32,0,1,1,4294967295
tile_IWBTG,1888,544,32,0,32,32,0,1,1,4294967295
tile_IWBTG,1920,544,32,0,32,32,0,1,1,4294967295
tile_IWBTG,1952,544,32,0,32,32,0,1,1,4294967295
tile_IWBTG,1984,544,32,0,32,32,0,1,1,4294967295
tile_IWBTG,2016,544,32,0,32,32,0,1,1,4294967295
tile_IWBTG,2048,544,32,0,32,32,0,1,1,4294967295
tile_IWBTG,2080,544,32,0,32,32,0,1,1,4294967295
tile_IWBTG,2048,576,32,0,32,32,0,1,1,4294967295
tile_IWBTG,2016,576,32,0,32,32,0,1,1,4294967295
tile_IWBTG,1984,576,32,0,32,32,0,1,1,4294967295
tile_IWBTG,1824,544,32,0,32,32,0,1,1,4294967295
tile_IWBTG,1728,576,32,0,32,32,0,1,1,4294967295
tile_IWBTG,1696,576,32,0,32,32,0,1,1,4294967295
tile_IWBTG,1664,576,32,0,32,32,0,1,1,4294967295
tile_IWBTG,1760,576,32,0,32,32,0,1,1,4294967295
tile_IWBTG,1792,576,32,0,32,32,0,1,1,4294967295
tile_IWBTG,1856,576,32,0,32,32,0,1,1,4294967295
tile_IWBTG,1888,576,32,0,32,32,0,1,1,4294967295
tile_IWBTG,1920,576,32,0,32,32,0,1,1,4294967295
tile_IWBTG,1952,576,32,0,32,32,0,1,1,4294967295
tile_IWBTG,2080,576,32,0,32,32,0,1,1,4294967295
tile_IWBTG,1824,576,32,0,32,32,0,1,1,4294967295
tile_IWBTG,1920,480,0,0,32,32,0,1,1,4294967295
tile_IWBTG,1952,480,0,0,32,32,0,1,1,4294967295
tile_IWBTG,1984,480,0,0,32,32,0,1,1,4294967295
tile_IWBTG,2016,480,0,0,32,32,0,1,1,4294967295
tile_IWBTG,2048,480,0,0,32,32,0,1,1,4294967295
tile_IWBTG,2080,480,0,0,32,32,0,1,1,4294967295
tile_IWBTG,1920,512,32,0,32,32,0,1,1,4294967295
tile_IWBTG,1952,512,32,0,32,32,0,1,1,4294967295
tile_IWBTG,1984,512,32,0,32,32,0,1,1,4294967295
tile_IWBTG,2016,512,32,0,32,32,0,1,1,4294967295
tile_IWBTG,2048,512,32,0,32,32,0,1,1,4294967295
tile_IWBTG,2080,512,32,0,32,32,0,1,1,4294967295
tile_IWBTG,2112,480,0,0,32,32,0,1,1,4294967295
tile_IWBTG,2144,480,0,0,32,32,0,1,1,4294967295
tile_IWBTG,2176,480,0,0,32,32,0,1,1,4294967295
tile_IWBTG,2208,480,0,0,32,32,0,1,1,4294967295
tile_IWBTG,2240,448,0,0,32,32,0,1,1,4294967295
tile_IWBTG,2272,448,0,0,32,32,0,1,1,4294967295
tile_IWBTG,2304,448,0,0,32,32,0,1,1,4294967295
tile_IWBTG,2336,448,0,0,32,32,0,1,1,4294967295
tile_IWBTG,2368,448,0,0,32,32,0,1,1,4294967295
tile_IWBTG,2112,512,32,0,32,32,0,1,1,4294967295
tile_IWBTG,2144,512,32,0,32,32,0,1,1,4294967295
tile_IWBTG,2176,512,32,0,32,32,0,1,1,4294967295
tile_IWBTG,2208,512,32,0,32,32,0,1,1,4294967295
tile_IWBTG,2240,512,32,0,32,32,0,1,1,4294967295
tile_IWBTG,2272,512,32,0,32,32,0,1,1,4294967295
tile_IWBTG,2272,480,32,0,32,32,0,1,1,4294967295
tile_IWBTG,2240,480,32,0,32,32,0,1,1,4294967295
tile_IWBTG,2304,480,32,0,32,32,0,1,1,4294967295
tile_IWBTG,2336,480,32,0,32,32,0,1,1,4294967295
tile_IWBTG,2368,480,32,0,32,32,0,1,1,4294967295
tile_IWBTG,2368,512,32,0,32,32,0,1,1,4294967295
tile_IWBTG,2368,544,32,0,32,32,0,1,1,4294967295
tile_IWBTG,2336,576,32,0,32,32,0,1,1,4294967295
tile_IWBTG,2304,576,32,0,32,32,0,1,1,4294967295
tile_IWBTG,2272,576,32,0,32,32,0,1,1,4294967295
tile_IWBTG,2240,576,32,0,32,32,0,1,1,4294967295
tile_IWBTG,2208,576,32,0,32,32,0,1,1,4294967295
tile_IWBTG,2176,576,32,0,32,32,0,1,1,4294967295
tile_IWBTG,2144,576,32,0,32,32,0,1,1,4294967295
tile_IWBTG,2144,544,32,0,32,32,0,1,1,4294967295
tile_IWBTG,2112,544,32,0,32,32,0,1,1,4294967295
tile_IWBTG,2112,576,32,0,32,32,0,1,1,4294967295
tile_IWBTG,2176,544,32,0,32,32,0,1,1,4294967295
tile_IWBTG,2208,544,32,0,32,32,0,1,1,4294967295
tile_IWBTG,2240,544,32,0,32,32,0,1,1,4294967295
tile_IWBTG,2272,544,32,0,32,32,0,1,1,4294967295
tile_IWBTG,2304,544,32,0,32,32,0,1,1,4294967295
tile_IWBTG,2336,544,32,0,32,32,0,1,1,4294967295
tile_IWBTG,2368,576,32,0,32,32,0,1,1,4294967295
tile_IWBTG,2336,512,32,0,32,32,0,1,1,4294967295
tile_IWBTG,2304,512,32,0,32,32,0,1,1,4294967295
tile_IWBTG,352,512,32,0,32,32,0,1,1,4294967295
tile_IWBTG,320,512,32,0,32,32,0,1,1,4294967295
tile_IWBTG,288,512,32,0,32,32,0,1,1,4294967295
tile_IWBTG,288,480,0,0,32,32,0,1,1,4294967295
tile_IWBTG,320,480,0,0,32,32,0,1,1,4294967295
tile_IWBTG,352,480,0,0,32,32,0,1,1,4294967295
tile_IWBTG,384,544,32,0,32,32,0,1,1,4294967295
tile_IWBTG,2400,448,0,0,32,32,0,1,1,4294967295
tile_IWBTG,2432,448,0,0,32,32,0,1,1,4294967295
tile_IWBTG,2464,448,0,0,32,32,0,1,1,4294967295
tile_IWBTG,2496,448,0,0,32,32,0,1,1,4294967295
tile_IWBTG,2528,448,0,0,32,32,0,1,1,4294967295
tile_IWBTG,2560,448,0,0,32,32,0,1,1,4294967295
tile_IWBTG,2592,448,0,0,32,32,0,1,1,4294967295
tile_IWBTG,2624,480,0,0,32,32,0,1,1,4294967295
tile_IWBTG,2656,480,0,0,32,32,0,1,1,4294967295
tile_IWBTG,2688,480,0,0,32,32,0,1,1,4294967295
tile_IWBTG,2720,480,0,0,32,32,0,1,1,4294967295
tile_IWBTG,2752,480,0,0,32,32,0,1,1,4294967295
tile_IWBTG,2784,480,0,0,32,32,0,1,1,4294967295
tile_IWBTG,2816,512,0,0,32,32,0,1,1,4294967295
tile_IWBTG,2848,512,0,0,32,32,0,1,1,4294967295
tile_IWBTG,2880,512,0,0,32,32,0,1,1,4294967295
tile_IWBTG,2912,512,0,0,32,32,0,1,1,4294967295
tile_IWBTG,2944,512,0,0,32,32,0,1,1,4294967295
tile_IWBTG,2976,512,0,0,32,32,0,1,1,4294967295
tile_IWBTG,3008,512,0,0,32,32,0,1,1,4294967295
tile_IWBTG,3040,512,0,0,32,32,0,1,1,4294967295
tile_IWBTG,3072,512,0,0,32,32,0,1,1,4294967295
tile_IWBTG,3104,512,0,0,32,32,0,1,1,4294967295
tile_IWBTG,3136,512,0,0,32,32,0,1,1,4294967295
tile_IWBTG,3168,512,0,0,32,32,0,1,1,4294967295
tile_IWBTG,2400,480,32,0,32,32,0,1,1,4294967295
tile_IWBTG,2400,512,32,0,32,32,0,1,1,4294967295
tile_IWBTG,2400,544,32,0,32,32,0,1,1,4294967295
tile_IWBTG,2432,544,32,0,32,32,0,1,1,4294967295
tile_IWBTG,2432,576,32,0,32,32,0,1,1,4294967295
tile_IWBTG,2400,576,32,0,32,32,0,1,1,4294967295
tile_IWBTG,2464,576,32,0,32,32,0,1,1,4294967295
tile_IWBTG,2496,576,32,0,32,32,0,1,1,4294967295
tile_IWBTG,2528,576,32,0,32,32,0,1,1,4294967295
tile_IWBTG,2560,576,32,0,32,32,0,1,1,4294967295
tile_IWBTG,2592,576,32,0,32,32,0,1,1,4294967295
tile_IWBTG,2624,576,32,0,32,32,0,1,1,4294967295
tile_IWBTG,2656,576,32,0,32,32,0,1,1,4294967295
tile_IWBTG,2688,576,32,0,32,32,0,1,1,4294967295
tile_IWBTG,2720,576,32,0,32,32,0,1,1,4294967295
tile_IWBTG,2752,576,32,0,32,32,0,1,1,4294967295
tile_IWBTG,2784,576,32,0,32,32,0,1,1,4294967295
tile_IWBTG,2816,576,32,0,32,32,0,1,1,4294967295
tile_IWBTG,2848,576,32,0,32,32,0,1,1,4294967295
tile_IWBTG,2880,576,32,0,32,32,0,1,1,4294967295
tile_IWBTG,2912,576,32,0,32,32,0,1,1,4294967295
tile_IWBTG,2944,576,32,0,32,32,0,1,1,4294967295
tile_IWBTG,2976,576,32,0,32,32,0,1,1,4294967295
tile_IWBTG,3008,576,32,0,32,32,0,1,1,4294967295
tile_IWBTG,3040,576,32,0,32,32,0,1,1,4294967295
tile_IWBTG,3072,576,32,0,32,32,0,1,1,4294967295
tile_IWBTG,3104,576,32,0,32,32,0,1,1,4294967295
tile_IWBTG,3136,576,32,0,32,32,0,1,1,4294967295
tile_IWBTG,3136,544,32,0,32,32,0,1,1,4294967295
tile_IWBTG,3168,544,32,0,32,32,0,1,1,4294967295
tile_IWBTG,3168,576,32,0,32,32,0,1,1,4294967295
tile_IWBTG,3104,544,32,0,32,32,0,1,1,4294967295
tile_IWBTG,3072,544,32,0,32,32,0,1,1,4294967295
tile_IWBTG,3040,544,32,0,32,32,0,1,1,4294967295
tile_IWBTG,3008,544,32,0,32,32,0,1,1,4294967295
tile_IWBTG,2976,544,32,0,32,32,0,1,1,4294967295
tile_IWBTG,2944,544,32,0,32,32,0,1,1,4294967295
tile_IWBTG,2912,544,32,0,32,32,0,1,1,4294967295
tile_IWBTG,2880,544,32,0,32,32,0,1,1,4294967295
tile_IWBTG,2848,544,32,0,32,32,0,1,1,4294967295
tile_IWBTG,2816,544,32,0,32,32,0,1,1,4294967295
tile_IWBTG,2784,544,32,0,32,32,0,1,1,4294967295
tile_IWBTG,2752,544,32,0,32,32,0,1,1,4294967295
tile_IWBTG,2720,544,32,0,32,32,0,1,1,4294967295
tile_IWBTG,2688,544,32,0,32,32,0,1,1,4294967295
tile_IWBTG,2656,544,32,0,32,32,0,1,1,4294967295
tile_IWBTG,2624,544,32,0,32,32,0,1,1,4294967295
tile_IWBTG,2592,544,32,0,32,32,0,1,1,4294967295
tile_IWBTG,2560,544,32,0,32,32,0,1,1,4294967295
tile_IWBTG,2528,544,32,0,32,32,0,1,1,4294967295
tile_IWBTG,2496,544,32,0,32,32,0,1,1,4294967295
tile_IWBTG,2464,544,32,0,32,32,0,1,1,4294967295
tile_IWBTG,2464,512,32,0,32,32,0,1,1,4294967295
tile_IWBTG,2432,512,32,0,32,32,0,1,1,4294967295
tile_IWBTG,2432,480,32,0,32,32,0,1,1,4294967295
tile_IWBTG,2496,480,32,0,32,32,0,1,1,4294967295
tile_IWBTG,2528,480,32,0,32,32,0,1,1,4294967295
tile_IWBTG,2560,480,32,0,32,32,0,1,1,4294967295
tile_IWBTG,2592,480,32,0,32,32,0,1,1,4294967295
tile_IWBTG,2624,512,32,0,32,32,0,1,1,4294967295
tile_IWBTG,2656,512,32,0,32,32,0,1,1,4294967295
tile_IWBTG,2592,512,32,0,32,32,0,1,1,4294967295
tile_IWBTG,2560,512,32,0,32,32,0,1,1,4294967295
tile_IWBTG,2528,512,32,0,32,32,0,1,1,4294967295
tile_IWBTG,2496,512,32,0,32,32,0,1,1,4294967295
tile_IWBTG,2464,480,32,0,32,32,0,1,1,4294967295
tile_IWBTG,2688,512,32,0,32,32,0,1,1,4294967295
tile_IWBTG,2720,512,32,0,32,32,0,1,1,4294967295
tile_IWBTG,2752,512,32,0,32,32,0,1,1,4294967295
tile_IWBTG,2784,512,32,0,32,32,0,1,1,4294967295
tile_IWBTG,3200,544,32,0,32,32,0,1,1,4294967295
tile_IWBTG,3232,544,32,0,32,32,0,1,1,4294967295
tile_IWBTG,3264,544,32,0,32,32,0,1,1,4294967295
tile_IWBTG,3296,544,32,0,32,32,0,1,1,4294967295
tile_IWBTG,3328,544,32,0,32,32,0,1,1,4294967295
tile_IWBTG,3360,544,32,0,32,32,0,1,1,4294967295
tile_IWBTG,3392,544,32,0,32,32,0,1,1,4294967295
tile_IWBTG,3424,544,32,0,32,32,0,1,1,4294967295
tile_IWBTG,3456,544,32,0,32,32,0,1,1,4294967295
tile_IWBTG,3488,544,32,0,32,32,0,1,1,4294967295
tile_IWBTG,3520,544,32,0,32,32,0,1,1,4294967295
tile_IWBTG,3552,544,32,0,32,32,0,1,1,4294967295
tile_IWBTG,3584,544,32,0,32,32,0,1,1,4294967295
tile_IWBTG,3616,544,32,0,32,32,0,1,1,4294967295
tile_IWBTG,3648,544,32,0,32,32,0,1,1,4294967295
tile_IWBTG,3424,512,32,0,32,32,0,1,1,4294967295
tile_IWBTG,3456,512,32,0,32,32,0,1,1,4294967295
tile_IWBTG,3488,512,32,0,32,32,0,1,1,4294967295
tile_IWBTG,3520,512,32,0,32,32,0,1,1,4294967295
tile_IWBTG,3552,512,32,0,32,32,0,1,1,4294967295
tile_IWBTG,3552,480,32,0,32,32,0,1,1,4294967295
tile_IWBTG,3584,480,32,0,32,32,0,1,1,4294967295
tile_IWBTG,3616,480,32,0,32,32,0,1,1,4294967295
tile_IWBTG,3648,480,32,0,32,32,0,1,1,4294967295
tile_IWBTG,3648,512,32,0,32,32,0,1,1,4294967295
tile_IWBTG,3680,512,32,0,32,32,0,1,1,4294967295
tile_IWBTG,3712,512,32,0,32,32,0,1,1,4294967295
tile_IWBTG,3744,512,32,0,32,32,0,1,1,4294967295
tile_IWBTG,3776,512,32,0,32,32,0,1,1,4294967295
tile_IWBTG,3808,512,32,0,32,32,0,1,1,4294967295
tile_IWBTG,3840,512,32,0,32,32,0,1,1,4294967295
tile_IWBTG,3872,512,32,0,32,32,0,1,1,4294967295
tile_IWBTG,3936,544,32,0,32,32,0,1,1,4294967295
tile_IWBTG,3904,544,32,0,32,32,0,1,1,4294967295
tile_IWBTG,3872,544,32,0,32,32,0,1,1,4294967295
tile_IWBTG,3840,544,32,0,32,32,0,1,1,4294967295
tile_IWBTG,3808,544,32,0,32,32,0,1,1,4294967295
tile_IWBTG,3776,544,32,0,32,32,0,1,1,4294967295
tile_IWBTG,3744,544,32,0,32,32,0,1,1,4294967295
tile_IWBTG,3712,544,32,0,32,32,0,1,1,4294967295
tile_IWBTG,3680,544,32,0,32,32,0,1,1,4294967295
tile_IWBTG,3552,576,32,0,32,32,0,1,1,4294967295
tile_IWBTG,3520,576,32,0,32,32,0,1,1,4294967295
tile_IWBTG,3488,576,32,0,32,32,0,1,1,4294967295
tile_IWBTG,3456,576,32,0,32,32,0,1,1,4294967295
tile_IWBTG,3424,576,32,0,32,32,0,1,1,4294967295
tile_IWBTG,3392,576,32,0,32,32,0,1,1,4294967295
tile_IWBTG,3360,576,32,0,32,32,0,1,1,4294967295
tile_IWBTG,3328,576,32,0,32,32,0,1,1,4294967295
tile_IWBTG,3296,576,32,0,32,32,0,1,1,4294967295
tile_IWBTG,3264,576,32,0,32,32,0,1,1,4294967295
tile_IWBTG,3232,576,32,0,32,32,0,1,1,4294967295
tile_IWBTG,3200,576,32,0,32,32,0,1,1,4294967295
tile_IWBTG,3584,576,32,0,32,32,0,1,1,4294967295
tile_IWBTG,3616,576,32,0,32,32,0,1,1,4294967295
tile_IWBTG,3904,576,32,0,32,32,0,1,1,4294967295
tile_IWBTG,3968,544,32,0,32,32,0,1,1,4294967295
tile_IWBTG,3968,576,32,0,32,32,0,1,1,4294967295
tile_IWBTG,3936,576,32,0,32,32,0,1,1,4294967295
tile_IWBTG,3872,576,32,0,32,32,0,1,1,4294967295
tile_IWBTG,3840,576,32,0,32,32,0,1,1,4294967295
tile_IWBTG,3808,576,32,0,32,32,0,1,1,4294967295
tile_IWBTG,3776,576,32,0,32,32,0,1,1,4294967295
tile_IWBTG,3744,576,32,0,32,32,0,1,1,4294967295
tile_IWBTG,3712,576,32,0,32,32,0,1,1,4294967295
tile_IWBTG,3680,576,32,0,32,32,0,1,1,4294967295
tile_IWBTG,3648,576,32,0,32,32,0,1,1,4294967295
tile_IWBTG,3584,512,32,0,32,32,0,1,1,4294967295
tile_IWBTG,3616,512,32,0,32,32,0,1,1,4294967295
tile_IWBTG,3968,512,32,0,32,32,0,1,1,4294967295
tile_IWBTG,3936,512,32,0,32,32,0,1,1,4294967295
tile_IWBTG,3904,512,32,0,32,32,0,1,1,4294967295
tile_IWBTG,3680,480,32,0,32,32,0,1,1,4294967295
tile_IWBTG,3712,480,32,0,32,32,0,1,1,4294967295
tile_IWBTG,3744,480,32,0,32,32,0,1,1,4294967295
tile_IWBTG,3776,480,32,0,32,32,0,1,1,4294967295
tile_IWBTG,3808,480,32,0,32,32,0,1,1,4294967295
tile_IWBTG,3392,512,32,0,32,32,0,1,1,4294967295
tile_IWBTG,3360,512,32,0,32,32,0,1,1,4294967295
tile_IWBTG,3328,512,32,0,32,32,0,1,1,4294967295
tile_IWBTG,3296,512,32,0,32,32,0,1,1,4294967295
tile_IWBTG,3264,512,32,0,32,32,0,1,1,4294967295
tile_IWBTG,3200,512,0,0,32,32,0,1,1,4294967295
tile_IWBTG,3232,512,0,0,32,32,0,1,1,4294967295
tile_IWBTG,3264,480,0,0,32,32,0,1,1,4294967295
tile_IWBTG,3296,480,0,0,32,32,0,1,1,4294967295
tile_IWBTG,3328,480,0,0,32,32,0,1,1,4294967295
tile_IWBTG,3360,480,0,0,32,32,0,1,1,4294967295
tile_IWBTG,3392,480,0,0,32,32,0,1,1,4294967295
tile_IWBTG,3424,480,0,0,32,32,0,1,1,4294967295
tile_IWBTG,3456,480,0,0,32,32,0,1,1,4294967295
tile_IWBTG,3488,480,0,0,32,32,0,1,1,4294967295
tile_IWBTG,3520,480,0,0,32,32,0,1,1,4294967295
tile_IWBTG,3552,448,0,0,32,32,0,1,1,4294967295
tile_IWBTG,3584,448,0,0,32,32,0,1,1,4294967295
tile_IWBTG,3616,448,0,0,32,32,0,1,1,4294967295
tile_IWBTG,3648,448,0,0,32,32,0,1,1,4294967295
tile_IWBTG,3680,448,0,0,32,32,0,1,1,4294967295
tile_IWBTG,3712,448,0,0,32,32,0,1,1,4294967295
tile_IWBTG,3744,448,0,0,32,32,0,1,1,4294967295
tile_IWBTG,3776,448,0,0,32,32,0,1,1,4294967295
tile_IWBTG,3808,448,0,0,32,32,0,1,1,4294967295
tile_IWBTG,3840,480,0,0,32,32,0,1,1,4294967295
tile_IWBTG,3872,480,0,0,32,32,0,1,1,4294967295
tile_IWBTG,3904,480,0,0,32,32,0,1,1,4294967295
tile_IWBTG,3936,480,0,0,32,32,0,1,1,4294967295
tile_IWBTG,3968,480,0,0,32,32,0,1,1,4294967295
tile_IWBTG,4000,480,0,0,32,32,0,1,1,4294967295
tile_IWBTG,4032,480,0,0,32,32,0,1,1,4294967295
tile_IWBTG,4064,480,0,0,32,32,0,1,1,4294967295
tile_IWBTG,4096,480,0,0,32,32,0,1,1,4294967295
tile_IWBTG,4128,480,0,0,32,32,0,1,1,4294967295
tile_IWBTG,4160,480,0,0,32,32,0,1,1,4294967295
tile_IWBTG,4192,448,0,0,32,32,0,1,1,4294967295
tile_IWBTG,4224,448,0,0,32,32,0,1,1,4294967295
tile_IWBTG,4256,448,0,0,32,32,0,1,1,4294967295
tile_IWBTG,4288,448,0,0,32,32,0,1,1,4294967295
tile_IWBTG,4320,448,0,0,32,32,0,1,1,4294967295
tile_IWBTG,4352,448,0,0,32,32,0,1,1,4294967295
tile_IWBTG,4384,448,0,0,32,32,0,1,1,4294967295
tile_IWBTG,4416,448,0,0,32,32,0,1,1,4294967295
tile_IWBTG,4448,448,0,0,32,32,0,1,1,4294967295
tile_IWBTG,4480,448,0,0,32,32,0,1,1,4294967295
tile_IWBTG,4512,448,0,0,32,32,0,1,1,4294967295
tile_IWBTG,4544,448,0,0,32,32,0,1,1,4294967295
tile_IWBTG,4576,448,0,0,32,32,0,1,1,4294967295
tile_IWBTG,4608,448,0,0,32,32,0,1,1,4294967295
tile_IWBTG,4640,480,0,0,32,32,0,1,1,4294967295
tile_IWBTG,4672,480,0,0,32,32,0,1,1,4294967295
tile_IWBTG,4704,480,0,0,32,32,0,1,1,4294967295
tile_IWBTG,4736,480,0,0,32,32,0,1,1,4294967295
tile_IWBTG,4768,480,0,0,32,32,0,1,1,4294967295
tile_IWBTG,4000,512,32,0,32,32,0,1,1,4294967295
tile_IWBTG,4032,512,32,0,32,32,0,1,1,4294967295
tile_IWBTG,4064,512,32,0,32,32,0,1,1,4294967295
tile_IWBTG,4096,512,32,0,32,32,0,1,1,4294967295
tile_IWBTG,4128,512,32,0,32,32,0,1,1,4294967295
tile_IWBTG,4160,512,32,0,32,32,0,1,1,4294967295
tile_IWBTG,4192,512,32,0,32,32,0,1,1,4294967295
tile_IWBTG,4224,512,32,0,32,32,0,1,1,4294967295
tile_IWBTG,4256,512,32,0,32,32,0,1,1,4294967295
tile_IWBTG,4192,480,32,0,32,32,0,1,1,4294967295
tile_IWBTG,4224,480,32,0,32,32,0,1,1,4294967295
tile_IWBTG,4256,480,32,0,32,32,0,1,1,4294967295
tile_IWBTG,4288,480,32,0,32,32,0,1,1,4294967295
tile_IWBTG,4320,480,32,0,32,32,0,1,1,4294967295
tile_IWBTG,4352,480,32,0,32,32,0,1,1,4294967295
tile_IWBTG,4384,480,32,0,32,32,0,1,1,4294967295
tile_IWBTG,4416,480,32,0,32,32,0,1,1,4294967295
tile_IWBTG,4448,480,32,0,32,32,0,1,1,4294967295
tile_IWBTG,4480,480,32,0,32,32,0,1,1,4294967295
tile_IWBTG,4512,480,32,0,32,32,0,1,1,4294967295
tile_IWBTG,4544,480,32,0,32,32,0,1,1,4294967295
tile_IWBTG,4576,480,32,0,32,32,0,1,1,4294967295
tile_IWBTG,4608,480,32,0,32,32,0,1,1,4294967295
tile_IWBTG,4608,512,32,0,32,32,0,1,1,4294967295
tile_IWBTG,4576,512,32,0,32,32,0,1,1,4294967295
tile_IWBTG,4544,512,32,0,32,32,0,1,1,4294967295
tile_IWBTG,4512,512,32,0,32,32,0,1,1,4294967295
tile_IWBTG,4480,512,32,0,32,32,0,1,1,4294967295
tile_IWBTG,4448,512,32,0,32,32,0,1,1,4294967295
tile_IWBTG,4416,512,32,0,32,32,0,1,1,4294967295
tile_IWBTG,4384,512,32,0,32,32,0,1,1,4294967295
tile_IWBTG,4352,512,32,0,32,32,0,1,1,4294967295
tile_IWBTG,4320,512,32,0,32,32,0,1,1,4294967295
tile_IWBTG,4576,544,32,0,32,32,0,1,1,4294967295
tile_IWBTG,4608,544,32,0,32,32,0,1,1,4294967295
tile_IWBTG,4640,544,32,0,32,32,0,1,1,4294967295
tile_IWBTG,4672,544,32,0,32,32,0,1,1,4294967295
tile_IWBTG,4704,544,32,0,32,32,0,1,1,4294967295
tile_IWBTG,4736,544,32,0,32,32,0,1,1,4294967295
tile_IWBTG,4736,512,32,0,32,32,0,1,1,4294967295
tile_IWBTG,4768,512,32,0,32,32,0,1,1,4294967295
tile_IWBTG,4704,512,32,0,32,32,0,1,1,4294967295
tile_IWBTG,4672,512,32,0,32,32,0,1,1,4294967295
tile_IWBTG,4640,512,32,0,32,32,0,1,1,4294967295
tile_IWBTG,4544,544,32,0,32,32,0,1,1,4294967295
tile_IWBTG,4768,544,32,0,32,32,0,1,1,4294967295
tile_IWBTG,4768,576,32,0,32,32,0,1,1,4294967295
tile_IWBTG,4736,576,32,0,32,32,0,1,1,4294967295
tile_IWBTG,4704,576,32,0,32,32,0,1,1,4294967295
tile_IWBTG,4672,576,32,0,32,32,0,1,1,4294967295
tile_IWBTG,4640,576,32,0,32,32,0,1,1,4294967295
tile_IWBTG,4608,576,32,0,32,32,0,1,1,4294967295
tile_IWBTG,4576,576,32,0,32,32,0,1,1,4294967295
tile_IWBTG,4544,576,32,0,32,32,0,1,1,4294967295
tile_IWBTG,4480,576,32,0,32,32,0,1,1,4294967295
tile_IWBTG,4416,576,32,0,32,32,0,1,1,4294967295
tile_IWBTG,4384,576,32,0,32,32,0,1,1,4294967295
tile_IWBTG,4320,576,32,0,32,32,0,1,1,4294967295
tile_IWBTG,4288,576,32,0,32,32,0,1,1,4294967295
tile_IWBTG,4224,576,32,0,32,32,0,1,1,4294967295
tile_IWBTG,4192,576,32,0,32,32,0,1,1,4294967295
tile_IWBTG,4160,576,32,0,32,32,0,1,1,4294967295
tile_IWBTG,4128,576,32,0,32,32,0,1,1,4294967295
tile_IWBTG,4096,576,32,0,32,32,0,1,1,4294967295
tile_IWBTG,4064,576,32,0,32,32,0,1,1,4294967295
tile_IWBTG,4032,576,32,0,32,32,0,1,1,4294967295
tile_IWBTG,4000,576,32,0,32,32,0,1,1,4294967295
tile_IWBTG,4224,544,32,0,32,32,0,1,1,4294967295
tile_IWBTG,4256,544,32,0,32,32,0,1,1,4294967295
tile_IWBTG,4288,544,32,0,32,32,0,1,1,4294967295
tile_IWBTG,4320,544,32,0,32,32,0,1,1,4294967295
tile_IWBTG,4352,544,32,0,32,32,0,1,1,4294967295
tile_IWBTG,4384,544,32,0,32,32,0,1,1,4294967295
tile_IWBTG,4416,544,32,0,32,32,0,1,1,4294967295
tile_IWBTG,4448,544,32,0,32,32,0,1,1,4294967295
tile_IWBTG,4480,544,32,0,32,32,0,1,1,4294967295
tile_IWBTG,4512,544,32,0,32,32,0,1,1,4294967295
tile_IWBTG,4192,544,32,0,32,32,0,1,1,4294967295
tile_IWBTG,4160,544,32,0,32,32,0,1,1,4294967295
tile_IWBTG,4128,544,32,0,32,32,0,1,1,4294967295
tile_IWBTG,4096,544,32,0,32,32,0,1,1,4294967295
tile_IWBTG,4064,544,32,0,32,32,0,1,1,4294967295
tile_IWBTG,4032,544,32,0,32,32,0,1,1,4294967295
tile_IWBTG,4000,544,32,0,32,32,0,1,1,4294967295
tile_IWBTG,4288,512,32,0,32,32,0,1,1,4294967295
tile_IWBTG,4256,576,32,0,32,32,0,1,1,4294967295
tile_IWBTG,4352,576,32,0,32,32,0,1,1,4294967295
tile_IWBTG,4448,576,32,0,32,32,0,1,1,4294967295
tile_IWBTG,4512,576,32,0,32,32,0,1,1,4294967295
tile_IWBTG,4800,480,0,0,32,32,0,1,1,4294967295
tile_IWBTG,4832,480,0,0,32,32,0,1,1,4294967295
tile_IWBTG,4864,480,0,0,32,32,0,1,1,4294967295
tile_IWBTG,4896,480,0,0,32,32,0,1,1,4294967295
tile_IWBTG,4928,480,0,0,32,32,0,1,1,4294967295
tile_IWBTG,4960,480,0,0,32,32,0,1,1,4294967295
tile_IWBTG,4992,480,0,0,32,32,0,1,1,4294967295
tile_IWBTG,5024,480,0,0,32,32,0,1,1,4294967295
tile_IWBTG,5056,480,0,0,32,32,0,1,1,4294967295
tile_IWBTG,5088,512,0,0,32,32,0,1,1,4294967295
tile_IWBTG,5120,512,0,0,32,32,0,1,1,4294967295
tile_IWBTG,5152,512,0,0,32,32,0,1,1,4294967295
tile_IWBTG,5184,512,0,0,32,32,0,1,1,4294967295
tile_IWBTG,5216,512,0,0,32,32,0,1,1,4294967295
tile_IWBTG,5248,512,0,0,32,32,0,1,1,4294967295
tile_IWBTG,5280,512,0,0,32,32,0,1,1,4294967295
tile_IWBTG,5312,512,0,0,32,32,0,1,1,4294967295
tile_IWBTG,5344,512,0,0,32,32,0,1,1,4294967295
tile_IWBTG,5376,512,0,0,32,32,0,1,1,4294967295
tile_IWBTG,5408,512,0,0,32,32,0,1,1,4294967295
tile_IWBTG,5440,512,0,0,32,32,0,1,1,4294967295
tile_IWBTG,5472,512,0,0,32,32,0,1,1,4294967295
tile_IWBTG,5504,512,0,0,32,32,0,1,1,4294967295
tile_IWBTG,5536,512,0,0,32,32,0,1,1,4294967295
tile_IWBTG,5568,512,0,0,32,32,0,1,1,4294967295
tile_IWBTG,4800,512,32,0,32,32,0,1,1,4294967295
tile_IWBTG,4832,512,32,0,32,32,0,1,1,4294967295
tile_IWBTG,4864,512,32,0,32,32,0,1,1,4294967295
tile_IWBTG,4896,512,32,0,32,32,0,1,1,4294967295
tile_IWBTG,4928,512,32,0,32,32,0,1,1,4294967295
tile_IWBTG,4960,512,32,0,32,32,0,1,1,4294967295
tile_IWBTG,4992,512,32,0,32,32,0,1,1,4294967295
tile_IWBTG,5024,512,32,0,32,32,0,1,1,4294967295
tile_IWBTG,5056,512,32,0,32,32,0,1,1,4294967295
tile_IWBTG,5056,544,32,0,32,32,0,1,1,4294967295
tile_IWBTG,5024,544,32,0,32,32,0,1,1,4294967295
tile_IWBTG,4992,544,32,0,32,32,0,1,1,4294967295
tile_IWBTG,4960,544,32,0,32,32,0,1,1,4294967295
tile_IWBTG,4928,544,32,0,32,32,0,1,1,4294967295
tile_IWBTG,4896,544,32,0,32,32,0,1,1,4294967295
tile_IWBTG,4864,544,32,0,32,32,0,1,1,4294967295
tile_IWBTG,4832,544,32,0,32,32,0,1,1,4294967295
tile_IWBTG,4800,544,32,0,32,32,0,1,1,4294967295
tile_IWBTG,4800,576,32,0,32,32,0,1,1,4294967295
tile_IWBTG,4832,576,32,0,32,32,0,1,1,4294967295
tile_IWBTG,4864,576,32,0,32,32,0,1,1,4294967295
tile_IWBTG,4896,576,32,0,32,32,0,1,1,4294967295
tile_IWBTG,4928,576,32,0,32,32,0,1,1,4294967295
tile_IWBTG,4960,576,32,0,32,32,0,1,1,4294967295
tile_IWBTG,4992,576,32,0,32,32,0,1,1,4294967295
tile_IWBTG,5024,576,32,0,32,32,0,1,1,4294967295
tile_IWBTG,5056,576,32,0,32,32,0,1,1,4294967295
tile_IWBTG,5088,576,32,0,32,32,0,1,1,4294967295
tile_IWBTG,5120,576,32,0,32,32,0,1,1,4294967295
tile_IWBTG,5152,576,32,0,32,32,0,1,1,4294967295
tile_IWBTG,5184,576,32,0,32,32,0,1,1,4294967295
tile_IWBTG,5216,576,32,0,32,32,0,1,1,4294967295
tile_IWBTG,5248,576,32,0,32,32,0,1,1,4294967295
tile_IWBTG,5280,576,32,0,32,32,0,1,1,4294967295
tile_IWBTG,5312,576,32,0,32,32,0,1,1,4294967295
tile_IWBTG,5344,576,32,0,32,32,0,1,1,4294967295
tile_IWBTG,5376,576,32,0,32,32,0,1,1,4294967295
tile_IWBTG,5408,576,32,0,32,32,0,1,1,4294967295
tile_IWBTG,5440,576,32,0,32,32,0,1,1,4294967295
tile_IWBTG,5472,576,32,0,32,32,0,1,1,4294967295
tile_IWBTG,5504,576,32,0,32,32,0,1,1,4294967295
tile_IWBTG,5536,576,32,0,32,32,0,1,1,4294967295
tile_IWBTG,5568,576,32,0,32,32,0,1,1,4294967295
tile_IWBTG,5568,544,32,0,32,32,0,1,1,4294967295
tile_IWBTG,5536,544,32,0,32,32,0,1,1,4294967295
tile_IWBTG,5504,544,32,0,32,32,0,1,1,4294967295
tile_IWBTG,5472,544,32,0,32,32,0,1,1,4294967295
tile_IWBTG,5440,544,32,0,32,32,0,1,1,4294967295
tile_IWBTG,5408,544,32,0,32,32,0,1,1,4294967295
tile_IWBTG,5376,544,32,0,32,32,0,1,1,4294967295
tile_IWBTG,5344,544,32,0,32,32,0,1,1,4294967295
tile_IWBTG,5312,544,32,0,32,32,0,1,1,4294967295
tile_IWBTG,5280,544,32,0,32,32,0,1,1,4294967295
tile_IWBTG,5248,544,32,0,32,32,0,1,1,4294967295
tile_IWBTG,5216,544,32,0,32,32,0,1,1,4294967295
tile_IWBTG,5184,544,32,0,32,32,0,1,1,4294967295
tile_IWBTG,5088,544,32,0,32,32,0,1,1,4294967295
tile_IWBTG,5120,544,32,0,32,32,0,1,1,4294967295
tile_IWBTG,5152,544,32,0,32,32,0,1,1,4294967295
tile_IWBTG,5600,512,0,0,32,32,0,1,1,4294967295
tile_IWBTG,5632,512,0,0,32,32,0,1,1,4294967295
tile_IWBTG,5664,512,0,0,32,32,0,1,1,4294967295
tile_IWBTG,5696,512,0,0,32,32,0,1,1,4294967295
tile_IWBTG,5728,512,0,0,32,32,0,1,1,4294967295
tile_IWBTG,5760,512,0,0,32,32,0,1,1,4294967295
tile_IWBTG,5792,512,0,0,32,32,0,1,1,4294967295
tile_IWBTG,5824,512,0,0,32,32,0,1,1,4294967295
tile_IWBTG,5856,512,0,0,32,32,0,1,1,4294967295
tile_IWBTG,5888,512,0,0,32,32,0,1,1,4294967295
tile_IWBTG,5920,512,0,0,32,32,0,1,1,4294967295
tile_IWBTG,5952,512,0,0,32,32,0,1,1,4294967295
tile_IWBTG,5984,512,0,0,32,32,0,1,1,4294967295
tile_IWBTG,6016,512,0,0,32,32,0,1,1,4294967295
tile_IWBTG,6048,512,0,0,32,32,0,1,1,4294967295
tile_IWBTG,6080,512,0,0,32,32,0,1,1,4294967295
tile_IWBTG,6112,512,0,0,32,32,0,1,1,4294967295
tile_IWBTG,6144,512,0,0,32,32,0,1,1,4294967295
tile_IWBTG,6176,512,0,0,32,32,0,1,1,4294967295
tile_IWBTG,6208,512,0,0,32,32,0,1,1,4294967295
tile_IWBTG,6240,512,0,0,32,32,0,1,1,4294967295
tile_IWBTG,6272,512,0,0,32,32,0,1,1,4294967295
tile_IWBTG,6304,512,0,0,32,32,0,1,1,4294967295
tile_IWBTG,6336,512,0,0,32,32,0,1,1,4294967295
tile_IWBTG,6368,512,0,0,32,32,0,1,1,4294967295
tile_IWBTG,5600,544,32,0,32,32,0,1,1,4294967295
tile_IWBTG,5632,544,32,0,32,32,0,1,1,4294967295
tile_IWBTG,5664,544,32,0,32,32,0,1,1,4294967295
tile_IWBTG,5696,544,32,0,32,32,0,1,1,4294967295
tile_IWBTG,5728,544,32,0,32,32,0,1,1,4294967295
tile_IWBTG,5760,544,32,0,32,32,0,1,1,4294967295
tile_IWBTG,5792,544,32,0,32,32,0,1,1,4294967295
tile_IWBTG,5824,544,32,0,32,32,0,1,1,4294967295
tile_IWBTG,5856,544,32,0,32,32,0,1,1,4294967295
tile_IWBTG,5888,544,32,0,32,32,0,1,1,4294967295
tile_IWBTG,5920,544,32,0,32,32,0,1,1,4294967295
tile_IWBTG,5952,544,32,0,32,32,0,1,1,4294967295
tile_IWBTG,5984,544,32,0,32,32,0,1,1,4294967295
tile_IWBTG,6016,544,32,0,32,32,0,1,1,4294967295
tile_IWBTG,6048,544,32,0,32,32,0,1,1,4294967295
tile_IWBTG,6080,544,32,0,32,32,0,1,1,4294967295
tile_IWBTG,6112,544,32,0,32,32,0,1,1,4294967295
tile_IWBTG,6144,544,32,0,32,32,0,1,1,4294967295
tile_IWBTG,6176,544,32,0,32,32,0,1,1,4294967295
tile_IWBTG,6208,544,32,0,32,32,0,1,1,4294967295
tile_IWBTG,6240,544,32,0,32,32,0,1,1,4294967295
tile_IWBTG,6272,544,32,0,32,32,0,1,1,4294967295
tile_IWBTG,6304,544,32,0,32,32,0,1,1,4294967295
tile_IWBTG,6336,544,32,0,32,32,0,1,1,4294967295
tile_IWBTG,6368,544,32,0,32,32,0,1,1,4294967295
tile_IWBTG,6368,576,32,0,32,32,0,1,1,4294967295
tile_IWBTG,6336,576,32,0,32,32,0,1,1,4294967295
tile_IWBTG,6304,576,32,0,32,32,0,1,1,4294967295
tile_IWBTG,6272,576,32,0,32,32,0,1,1,4294967295
tile_IWBTG,6240,576,32,0,32,32,0,1,1,4294967295
tile_IWBTG,6208,576,32,0,32,32,0,1,1,4294967295
tile_IWBTG,6176,576,32,0,32,32,0,1,1,4294967295
tile_IWBTG,6144,576,32,0,32,32,0,1,1,4294967295
tile_IWBTG,6112,576,32,0,32,32,0,1,1,4294967295
tile_IWBTG,6080,576,32,0,32,32,0,1,1,4294967295
tile_IWBTG,6048,576,32,0,32,32,0,1,1,4294967295
tile_IWBTG,6016,576,32,0,32,32,0,1,1,4294967295
tile_IWBTG,5984,576,32,0,32,32,0,1,1,4294967295
tile_IWBTG,5952,576,32,0,32,32,0,1,1,4294967295
tile_IWBTG,5920,576,32,0,32,32,0,1,1,4294967295
tile_IWBTG,5888,576,32,0,32,32,0,1,1,4294967295
tile_IWBTG,5856,576,32,0,32,32,0,1,1,4294967295
tile_IWBTG,5824,576,32,0,32,32,0,1,1,4294967295
tile_IWBTG,5792,576,32,0,32,32,0,1,1,4294967295
tile_IWBTG,5760,576,32,0,32,32,0,1,1,4294967295
tile_IWBTG,5728,576,32,0,32,32,0,1,1,4294967295
tile_IWBTG,5696,576,32,0,32,32,0,1,1,4294967295
tile_IWBTG,5664,576,32,0,32,32,0,1,1,4294967295
tile_IWBTG,5632,576,32,0,32,32,0,1,1,4294967295
tile_IWBTG,5600,576,32,0,32,32,0,1,1,4294967295
tile_IWBTG,6400,512,0,0,32,32,0,1,1,4294967295
tile_IWBTG,6432,512,0,0,32,32,0,1,1,4294967295
tile_IWBTG,6464,512,0,0,32,32,0,1,1,4294967295
tile_IWBTG,6496,512,0,0,32,32,0,1,1,4294967295
tile_IWBTG,6528,512,0,0,32,32,0,1,1,4294967295
tile_IWBTG,6560,512,0,0,32,32,0,1,1,4294967295
tile_IWBTG,6592,512,0,0,32,32,0,1,1,4294967295
tile_IWBTG,6624,512,0,0,32,32,0,1,1,4294967295
tile_IWBTG,6656,512,0,0,32,32,0,1,1,4294967295
tile_IWBTG,6688,512,0,0,32,32,0,1,1,4294967295
tile_IWBTG,6720,512,0,0,32,32,0,1,1,4294967295
tile_IWBTG,6752,512,0,0,32,32,0,1,1,4294967295
tile_IWBTG,6784,512,0,0,32,32,0,1,1,4294967295
tile_IWBTG,6816,512,0,0,32,32,0,1,1,4294967295
tile_IWBTG,6944,416,0,0,32,32,0,1,1,4294967295
tile_IWBTG,7072,160,0,0,32,32,0,1,1,4294967295
tile_IWBTG,7104,128,0,0,32,32,0,1,1,4294967295
tile_IWBTG,7136,128,0,0,32,32,0,1,1,4294967295
tile_IWBTG,7168,128,0,0,32,32,0,1,1,4294967295
tile_IWBTG,7072,256,32,0,32,32,0,1,1,4294967295
tile_IWBTG,7072,288,32,0,32,32,0,1,1,4294967295
tile_IWBTG,7072,320,32,0,32,32,0,1,1,4294967295
tile_IWBTG,7072,352,32,0,32,32,0,1,1,4294967295
tile_IWBTG,7072,384,32,0,32,32,0,1,1,4294967295
tile_IWBTG,7072,416,32,0,32,32,0,1,1,4294967295
tile_IWBTG,7072,448,32,0,32,32,0,1,1,4294967295
tile_IWBTG,7072,480,32,0,32,32,0,1,1,4294967295
tile_IWBTG,7040,448,32,0,32,32,0,1,1,4294967295
tile_IWBTG,7072,224,32,0,32,32,0,1,1,4294967295
tile_IWBTG,7072,192,32,0,32,32,0,1,1,4294967295
tile_IWBTG,7104,192,32,0,32,32,0,1,1,4294967295
tile_IWBTG,7104,160,32,0,32,32,0,1,1,4294967295
tile_IWBTG,7136,160,32,0,32,32,0,1,1,4294967295
tile_IWBTG,7168,160,32,0,32,32,0,1,1,4294967295
tile_IWBTG,7168,192,32,0,32,32,0,1,1,4294967295
tile_IWBTG,7168,224,32,0,32,32,0,1,1,4294967295
tile_IWBTG,7168,256,32,0,32,32,0,1,1,4294967295
tile_IWBTG,7168,288,32,0,32,32,0,1,1,4294967295
tile_IWBTG,7168,320,32,0,32,32,0,1,1,4294967295
tile_IWBTG,7168,352,32,0,32,32,0,1,1,4294967295
tile_IWBTG,7168,384,32,0,32,32,0,1,1,4294967295
tile_IWBTG,7168,416,32,0,32,32,0,1,1,4294967295
tile_IWBTG,7168,448,32,0,32,32,0,1,1,4294967295
tile_IWBTG,7168,480,32,0,32,32,0,1,1,4294967295
tile_IWBTG,7136,512,32,0,32,32,0,1,1,4294967295
tile_IWBTG,7136,544,32,0,32,32,0,1,1,4294967295
tile_IWBTG,7136,576,32,0,32,32,0,1,1,4294967295
tile_IWBTG,7168,544,32,0,32,32,0,1,1,4294967295
tile_IWBTG,7168,512,32,0,32,32,0,1,1,4294967295
tile_IWBTG,7168,576,32,0,32,32,0,1,1,4294967295
tile_IWBTG,7104,544,32,0,32,32,0,1,1,4294967295
tile_IWBTG,7104,576,32,0,32,32,0,1,1,4294967295
tile_IWBTG,7072,544,32,0,32,32,0,1,1,4294967295
tile_IWBTG,7040,544,32,0,32,32,0,1,1,4294967295
tile_IWBTG,7040,512,32,0,32,32,0,1,1,4294967295
tile_IWBTG,7040,480,32,0,32,32,0,1,1,4294967295
tile_IWBTG,7072,512,32,0,32,32,0,1,1,4294967295
tile_IWBTG,7072,576,32,0,32,32,0,1,1,4294967295
tile_IWBTG,7040,576,32,0,32,32,0,1,1,4294967295
tile_IWBTG,7104,512,32,0,32,32,0,1,1,4294967295
tile_IWBTG,7104,480,32,0,32,32,0,1,1,4294967295
tile_IWBTG,7104,448,32,0,32,32,0,1,1,4294967295
tile_IWBTG,7136,416,32,0,32,32,0,1,1,4294967295
tile_IWBTG,7136,384,32,0,32,32,0,1,1,4294967295
tile_IWBTG,7136,320,32,0,32,32,0,1,1,4294967295
tile_IWBTG,7136,288,32,0,32,32,0,1,1,4294967295
tile_IWBTG,7136,256,32,0,32,32,0,1,1,4294967295
tile_IWBTG,7104,224,32,0,32,32,0,1,1,4294967295
tile_IWBTG,7104,256,32,0,32,32,0,1,1,4294967295
tile_IWBTG,7104,288,32,0,32,32,0,1,1,4294967295
tile_IWBTG,7104,320,32,0,32,32,0,1,1,4294967295
tile_IWBTG,7104,352,32,0,32,32,0,1,1,4294967295
tile_IWBTG,7104,384,32,0,32,32,0,1,1,4294967295
tile_IWBTG,7104,416,32,0,32,32,0,1,1,4294967295
tile_IWBTG,7136,448,32,0,32,32,0,1,1,4294967295
tile_IWBTG,7136,480,32,0,32,32,0,1,1,4294967295
tile_IWBTG,7136,352,32,0,32,32,0,1,1,4294967295
tile_IWBTG,7136,224,32,0,32,32,0,1,1,4294967295
tile_IWBTG,7136,192,32,0,32,32,0,1,1,4294967295
tile_IWBTG,7008,448,32,0,32,32,0,1,1,4294967295
tile_IWBTG,6976,448,32,0,32,32,0,1,1,4294967295
tile_IWBTG,6944,448,32,0,32,32,0,1,1,4294967295
tile_IWBTG,6912,480,32,0,32,32,0,1,1,4294967295
tile_IWBTG,6944,480,32,0,32,32,0,1,1,4294967295
tile_IWBTG,6976,480,32,0,32,32,0,1,1,4294967295
tile_IWBTG,7008,480,32,0,32,32,0,1,1,4294967295
tile_IWBTG,7008,512,32,0,32,32,0,1,1,4294967295
tile_IWBTG,7008,544,32,0,32,32,0,1,1,4294967295
tile_IWBTG,6976,576,32,0,32,32,0,1,1,4294967295
tile_IWBTG,6944,576,32,0,32,32,0,1,1,4294967295
tile_IWBTG,6912,576,32,0,32,32,0,1,1,4294967295
tile_IWBTG,6880,544,32,0,32,32,0,1,1,4294967295
tile_IWBTG,6848,544,32,0,32,32,0,1,1,4294967295
tile_IWBTG,6880,512,32,0,32,32,0,1,1,4294967295
tile_IWBTG,6912,512,32,0,32,32,0,1,1,4294967295
tile_IWBTG,6944,512,32,0,32,32,0,1,1,4294967295
tile_IWBTG,6976,512,32,0,32,32,0,1,1,4294967295
tile_IWBTG,6976,544,32,0,32,32,0,1,1,4294967295
tile_IWBTG,7008,576,32,0,32,32,0,1,1,4294967295
tile_IWBTG,6880,576,32,0,32,32,0,1,1,4294967295
tile_IWBTG,6848,576,32,0,32,32,0,1,1,4294967295
tile_IWBTG,6816,576,32,0,32,32,0,1,1,4294967295
tile_IWBTG,6784,576,32,0,32,32,0,1,1,4294967295
tile_IWBTG,6752,576,32,0,32,32,0,1,1,4294967295
tile_IWBTG,6720,576,32,0,32,32,0,1,1,4294967295
tile_IWBTG,6688,576,32,0,32,32,0,1,1,4294967295
tile_IWBTG,6656,576,32,0,32,32,0,1,1,4294967295
tile_IWBTG,6624,576,32,0,32,32,0,1,1,4294967295
tile_IWBTG,6592,576,32,0,32,32,0,1,1,4294967295
tile_IWBTG,6560,576,32,0,32,32,0,1,1,4294967295
tile_IWBTG,6528,576,32,0,32,32,0,1,1,4294967295
tile_IWBTG,6496,576,32,0,32,32,0,1,1,4294967295
tile_IWBTG,6464,576,32,0,32,32,0,1,1,4294967295
tile_IWBTG,6432,576,32,0,32,32,0,1,1,4294967295
tile_IWBTG,6400,576,32,0,32,32,0,1,1,4294967295
tile_IWBTG,6400,544,32,0,32,32,0,1,1,4294967295
tile_IWBTG,6432,544,32,0,32,32,0,1,1,4294967295
tile_IWBTG,6464,544,32,0,32,32,0,1,1,4294967295
tile_IWBTG,6496,544,32,0,32,32,0,1,1,4294967295
tile_IWBTG,6528,544,32,0,32,32,0,1,1,4294967295
tile_IWBTG,6560,544,32,0,32,32,0,1,1,4294967295
tile_IWBTG,6624,544,32,0,32,32,0,1,1,4294967295
tile_IWBTG,6688,544,32,0,32,32,0,1,1,4294967295
tile_IWBTG,6720,544,32,0,32,32,0,1,1,4294967295
tile_IWBTG,6752,544,32,0,32,32,0,1,1,4294967295
tile_IWBTG,6784,544,32,0,32,32,0,1,1,4294967295
tile_IWBTG,6816,544,32,0,32,32,0,1,1,4294967295
tile_IWBTG,6912,544,32,0,32,32,0,1,1,4294967295
tile_IWBTG,6944,544,32,0,32,32,0,1,1,4294967295
tile_IWBTG,6656,544,32,0,32,32,0,1,1,4294967295
tile_IWBTG,6592,544,32,0,32,32,0,1,1,4294967295
bgTree,6464,344,0,0,111,175,0,1,1,4294967295
bgTree,6752,344,0,0,111,175,0,1,1,4294967295
bgTree,5280,344,0,0,111,175,0,1,1,4294967295
tile_IWBTG,6912,448,32,0,32,32,0,1,1,4294967295
tile_IWBTG,6880,480,32,0,32,32,0,1,1,4294967295
tile_IWBTG,6848,480,0,0,32,32,0,1,1,4294967295
tile_IWBTG,6880,448,0,0,32,32,0,1,1,4294967295
tile_IWBTG,6912,416,0,0,32,32,0,1,1,4294967295
tile_IWBTG,6976,416,0,0,32,32,0,1,1,4294967295
tile_IWBTG,7008,416,0,0,32,32,0,1,1,4294967295
tile_IWBTG,7008,352,96,64,32,32,0,1,1,4294967295
tile_IWBTG,7040,416,0,0,32,32,0,1,1,4294967295
tile_IWBTG,6848,512,32,0,32,32,0,1,1,4294967295
