tile_pallisade,108,320,24,32,24,32,0,1,1,4294967295
tile_pallisade,132,320,24,32,24,32,0,1,1,4294967295
tile_pallisade,156,320,24,32,24,32,0,1,1,4294967295
tile_pallisade,180,320,24,32,24,32,0,1,1,4294967295
tile_pallisade,204,320,24,32,24,32,0,1,1,4294967295
tile_pallisade,228,320,24,32,24,32,0,1,1,4294967295
tile_pallisade,252,320,24,32,24,32,0,1,1,4294967295
tile_pallisade,252,288,24,32,24,32,0,1,1,4294967295
tile_pallisade,228,288,24,32,24,32,0,1,1,4294967295
tile_pallisade,228,256,24,32,24,32,0,1,1,4294967295
tile_pallisade,228,224,24,32,24,32,0,1,1,4294967295
tile_pallisade,252,224,24,32,24,32,0,1,1,4294967295
tile_pallisade,276,224,24,32,24,32,0,1,1,4294967295
tile_pallisade,276,256,24,32,24,32,0,1,1,4294967295
tile_pallisade,252,256,24,32,24,32,0,1,1,4294967295
tile_pallisade,276,288,24,32,24,32,0,1,1,4294967295
tile_pallisade,300,288,24,32,24,32,0,1,1,4294967295
tile_pallisade,324,288,24,32,24,32,0,1,1,4294967295
tile_pallisade,348,288,24,32,24,32,0,1,1,4294967295
tile_pallisade,372,288,24,32,24,32,0,1,1,4294967295
tile_pallisade,300,224,24,32,24,32,0,1,1,4294967295
tile_pallisade,300,256,24,32,24,32,0,1,1,4294967295
tile_pallisade,324,256,24,32,24,32,0,1,1,4294967295
tile_pallisade,348,256,24,32,24,32,0,1,1,4294967295
tile_pallisade,348,224,24,32,24,32,0,1,1,4294967295
tile_pallisade,324,224,24,32,24,32,0,1,1,4294967295
tile_pallisade,372,256,24,32,24,32,0,1,1,4294967295
tile_pallisade,396,256,24,32,24,32,0,1,1,4294967295
tile_pallisade,420,256,24,32,24,32,0,1,1,4294967295
tile_pallisade,444,256,24,32,24,32,0,1,1,4294967295
tile_pallisade,468,256,24,32,24,32,0,1,1,4294967295
tile_pallisade,468,288,24,32,24,32,0,1,1,4294967295
tile_pallisade,444,288,24,32,24,32,0,1,1,4294967295
tile_pallisade,420,288,24,32,24,32,0,1,1,4294967295
tile_pallisade,396,288,24,32,24,32,0,1,1,4294967295
tile_pallisade,396,320,24,32,24,32,0,1,1,4294967295
tile_pallisade,420,320,24,32,24,32,0,1,1,4294967295
tile_pallisade,444,320,24,32,24,32,0,1,1,4294967295
tile_pallisade,468,320,24,32,24,32,0,1,1,4294967295
tile_pallisade,468,224,24,32,24,32,0,1,1,4294967295
tile_pallisade,492,256,24,32,24,32,0,1,1,4294967295
tile_pallisade,516,256,24,32,24,32,0,1,1,4294967295
tile_pallisade,516,288,24,32,24,32,0,1,1,4294967295
tile_pallisade,492,288,24,32,24,32,0,1,1,4294967295
tile_pallisade,540,288,24,32,24,32,0,1,1,4294967295
tile_pallisade,516,320,24,32,24,32,0,1,1,4294967295
tile_pallisade,540,320,24,32,24,32,0,1,1,4294967295
tile_pallisade,564,320,24,32,24,32,0,1,1,4294967295
tile_pallisade,588,320,24,32,24,32,0,1,1,4294967295
tile_pallisade,588,288,24,32,24,32,0,1,1,4294967295
tile_pallisade,588,256,24,32,24,32,0,1,1,4294967295
tile_pallisade,564,256,24,32,24,32,0,1,1,4294967295
tile_pallisade,540,256,24,32,24,32,0,1,1,4294967295
tile_pallisade,564,288,24,32,24,32,0,1,1,4294967295
tile_pallisade,588,224,24,32,24,32,0,1,1,4294967295
tile_pallisade,612,224,24,32,24,32,0,1,1,4294967295
tile_pallisade,636,224,24,32,24,32,0,1,1,4294967295
tile_pallisade,636,256,24,32,24,32,0,1,1,4294967295
tile_pallisade,612,256,24,32,24,32,0,1,1,4294967295
tile_pallisade,612,288,24,32,24,32,0,1,1,4294967295
tile_pallisade,660,256,24,32,24,32,0,1,1,4294967295
tile_pallisade,660,288,24,32,24,32,0,1,1,4294967295
tile_pallisade,636,288,24,32,24,32,0,1,1,4294967295
tile_pallisade,108,224,24,0,24,32,0,1,1,4294967295
tile_pallisade,132,224,24,0,24,32,0,1,1,4294967295
tile_pallisade,156,224,24,0,24,32,0,1,1,4294967295
tile_pallisade,180,224,24,0,24,32,0,1,1,4294967295
tile_pallisade,204,224,24,0,24,32,0,1,1,4294967295
tile_pallisade,228,192,24,0,24,32,0,1,1,4294967295
tile_pallisade,252,192,24,0,24,32,0,1,1,4294967295
tile_pallisade,276,192,24,0,24,32,0,1,1,4294967295
tile_pallisade,300,192,24,0,24,32,0,1,1,4294967295
tile_pallisade,324,192,24,0,24,32,0,1,1,4294967295
tile_pallisade,348,192,24,0,24,32,0,1,1,4294967295
tile_pallisade,372,224,24,0,24,32,0,1,1,4294967295
tile_pallisade,396,224,24,0,24,32,0,1,1,4294967295
tile_pallisade,420,192,24,0,24,32,0,1,1,4294967295
tile_pallisade,444,192,24,0,24,32,0,1,1,4294967295
tile_pallisade,468,192,24,0,24,32,0,1,1,4294967295
tile_pallisade,492,224,24,0,24,32,0,1,1,4294967295
tile_pallisade,516,224,24,0,24,32,0,1,1,4294967295
tile_pallisade,540,224,24,0,24,32,0,1,1,4294967295
tile_pallisade,564,192,24,0,24,32,0,1,1,4294967295
tile_pallisade,588,192,24,0,24,32,0,1,1,4294967295
tile_pallisade,612,192,24,0,24,32,0,1,1,4294967295
tile_pallisade,636,192,24,0,24,32,0,1,1,4294967295
tile_pallisade,660,192,24,0,24,32,0,1,1,4294967295
tile_pallisade,420,224,24,32,24,32,0,1,1,4294967295
tile_pallisade,444,224,24,32,24,32,0,1,1,4294967295
tile_pallisade,564,224,24,32,24,32,0,1,1,4294967295
tile_pallisade,660,224,24,32,24,32,0,1,1,4294967295
tile_pallisade,684,256,24,32,24,32,0,1,1,4294967295
tile_pallisade,708,256,24,32,24,32,0,1,1,4294967295
tile_pallisade,732,256,24,32,24,32,0,1,1,4294967295
tile_pallisade,756,256,24,32,24,32,0,1,1,4294967295
tile_pallisade,780,256,24,32,24,32,0,1,1,4294967295
tile_pallisade,804,256,24,32,24,32,0,1,1,4294967295
tile_pallisade,828,256,24,32,24,32,0,1,1,4294967295
tile_pallisade,852,256,24,32,24,32,0,1,1,4294967295
tile_pallisade,876,224,24,32,24,32,0,1,1,4294967295
tile_pallisade,876,192,24,32,24,32,0,1,1,4294967295
tile_pallisade,900,160,24,32,24,32,0,1,1,4294967295
tile_pallisade,924,160,24,32,24,32,0,1,1,4294967295
tile_pallisade,948,160,24,32,24,32,0,1,1,4294967295
tile_pallisade,972,160,24,32,24,32,0,1,1,4294967295
tile_pallisade,996,160,24,32,24,32,0,1,1,4294967295
tile_pallisade,1020,160,24,32,24,32,0,1,1,4294967295
tile_pallisade,1044,160,24,32,24,32,0,1,1,4294967295
tile_pallisade,1068,160,24,32,24,32,0,1,1,4294967295
tile_pallisade,1092,160,24,32,24,32,0,1,1,4294967295
tile_pallisade,1116,160,24,32,24,32,0,1,1,4294967295
tile_pallisade,1140,160,24,32,24,32,0,1,1,4294967295
tile_pallisade,1164,160,24,32,24,32,0,1,1,4294967295
tile_pallisade,684,288,24,32,24,32,0,1,1,4294967295
tile_pallisade,684,320,24,32,24,32,0,1,1,4294967295
tile_pallisade,708,320,24,32,24,32,0,1,1,4294967295
tile_pallisade,732,320,24,32,24,32,0,1,1,4294967295
tile_pallisade,756,320,24,32,24,32,0,1,1,4294967295
tile_pallisade,756,352,24,32,24,32,0,1,1,4294967295
tile_pallisade,780,352,24,32,24,32,0,1,1,4294967295
tile_pallisade,780,320,24,32,24,32,0,1,1,4294967295
tile_pallisade,780,288,24,32,24,32,0,1,1,4294967295
tile_pallisade,756,288,24,32,24,32,0,1,1,4294967295
tile_pallisade,732,288,24,32,24,32,0,1,1,4294967295
tile_pallisade,708,288,24,32,24,32,0,1,1,4294967295
tile_pallisade,804,288,24,32,24,32,0,1,1,4294967295
tile_pallisade,828,288,24,32,24,32,0,1,1,4294967295
tile_pallisade,852,288,24,32,24,32,0,1,1,4294967295
tile_pallisade,876,288,24,32,24,32,0,1,1,4294967295
tile_pallisade,852,320,24,32,24,32,0,1,1,4294967295
tile_pallisade,828,320,24,32,24,32,0,1,1,4294967295
tile_pallisade,804,320,24,32,24,32,0,1,1,4294967295
tile_pallisade,876,320,24,32,24,32,0,1,1,4294967295
tile_pallisade,876,256,24,32,24,32,0,1,1,4294967295
tile_pallisade,900,256,24,32,24,32,0,1,1,4294967295
tile_pallisade,900,288,24,32,24,32,0,1,1,4294967295
tile_pallisade,900,224,24,32,24,32,0,1,1,4294967295
tile_pallisade,924,224,24,32,24,32,0,1,1,4294967295
tile_pallisade,948,256,24,32,24,32,0,1,1,4294967295
tile_pallisade,972,256,24,32,24,32,0,1,1,4294967295
tile_pallisade,924,256,24,32,24,32,0,1,1,4294967295
tile_pallisade,948,224,24,32,24,32,0,1,1,4294967295
tile_pallisade,972,224,24,32,24,32,0,1,1,4294967295
tile_pallisade,996,224,24,32,24,32,0,1,1,4294967295
tile_pallisade,1020,224,24,32,24,32,0,1,1,4294967295
tile_pallisade,1044,224,24,32,24,32,0,1,1,4294967295
tile_pallisade,1068,224,24,32,24,32,0,1,1,4294967295
tile_pallisade,1092,224,24,32,24,32,0,1,1,4294967295
tile_pallisade,1116,224,24,32,24,32,0,1,1,4294967295
tile_pallisade,1140,224,24,32,24,32,0,1,1,4294967295
tile_pallisade,1164,224,24,32,24,32,0,1,1,4294967295
tile_pallisade,1188,224,24,32,24,32,0,1,1,4294967295
tile_pallisade,1188,192,24,32,24,32,0,1,1,4294967295
tile_pallisade,1164,192,24,32,24,32,0,1,1,4294967295
tile_pallisade,1140,192,24,32,24,32,0,1,1,4294967295
tile_pallisade,1116,192,24,32,24,32,0,1,1,4294967295
tile_pallisade,1092,192,24,32,24,32,0,1,1,4294967295
tile_pallisade,1068,192,24,32,24,32,0,1,1,4294967295
tile_pallisade,1044,192,24,32,24,32,0,1,1,4294967295
tile_pallisade,996,192,24,32,24,32,0,1,1,4294967295
tile_pallisade,972,192,24,32,24,32,0,1,1,4294967295
tile_pallisade,948,192,24,32,24,32,0,1,1,4294967295
tile_pallisade,924,192,24,32,24,32,0,1,1,4294967295
tile_pallisade,900,192,24,32,24,32,0,1,1,4294967295
tile_pallisade,1020,192,24,32,24,32,0,1,1,4294967295
tile_pallisade,1164,256,24,32,24,32,0,1,1,4294967295
tile_pallisade,1188,256,24,32,24,32,0,1,1,4294967295
tile_pallisade,1188,288,24,32,24,32,0,1,1,4294967295
tile_pallisade,684,224,24,0,24,32,0,1,1,4294967295
tile_pallisade,708,224,24,0,24,32,0,1,1,4294967295
tile_pallisade,732,224,24,0,24,32,0,1,1,4294967295
tile_pallisade,756,224,24,0,24,32,0,1,1,4294967295
tile_pallisade,780,224,24,0,24,32,0,1,1,4294967295
tile_pallisade,804,224,24,0,24,32,0,1,1,4294967295
tile_pallisade,828,224,24,0,24,32,0,1,1,4294967295
tile_pallisade,852,224,24,0,24,32,0,1,1,4294967295
tile_pallisade,876,160,24,0,24,32,0,1,1,4294967295
tile_pallisade,900,128,24,0,24,32,0,1,1,4294967295
tile_pallisade,924,128,24,0,24,32,0,1,1,4294967295
tile_pallisade,948,128,24,0,24,32,0,1,1,4294967295
tile_pallisade,972,128,24,0,24,32,0,1,1,4294967295
tile_pallisade,996,128,24,0,24,32,0,1,1,4294967295
tile_pallisade,1020,128,24,0,24,32,0,1,1,4294967295
tile_pallisade,1044,128,24,0,24,32,0,1,1,4294967295
tile_pallisade,1068,128,24,0,24,32,0,1,1,4294967295
tile_pallisade,1092,128,24,0,24,32,0,1,1,4294967295
tile_pallisade,1116,128,24,0,24,32,0,1,1,4294967295
tile_pallisade,1140,128,24,0,24,32,0,1,1,4294967295
tile_pallisade,1164,128,24,0,24,32,0,1,1,4294967295
tile_pallisade,1188,160,24,0,24,32,0,1,1,4294967295
tile_pallisade,1212,224,24,32,24,32,0,1,1,4294967295
tile_pallisade,1212,256,24,32,24,32,0,1,1,4294967295
tile_pallisade,1212,288,24,32,24,32,0,1,1,4294967295
tile_pallisade,1236,288,24,32,24,32,0,1,1,4294967295
tile_pallisade,1212,320,24,32,24,32,0,1,1,4294967295
tile_pallisade,1236,320,24,32,24,32,0,1,1,4294967295
tile_pallisade,1236,256,24,32,24,32,0,1,1,4294967295
tile_pallisade,1260,288,24,32,24,32,0,1,1,4294967295
tile_pallisade,1260,320,24,32,24,32,0,1,1,4294967295
tile_pallisade,1260,352,24,32,24,32,0,1,1,4294967295
tile_pallisade,1284,352,24,32,24,32,0,1,1,4294967295
tile_pallisade,1308,352,24,32,24,32,0,1,1,4294967295
tile_pallisade,1332,352,24,32,24,32,0,1,1,4294967295
tile_pallisade,1356,352,24,32,24,32,0,1,1,4294967295
tile_pallisade,1308,288,24,32,24,32,0,1,1,4294967295
tile_pallisade,1284,288,24,32,24,32,0,1,1,4294967295
tile_pallisade,1284,320,24,32,24,32,0,1,1,4294967295
tile_pallisade,1308,320,24,32,24,32,0,1,1,4294967295
tile_pallisade,1332,320,24,32,24,32,0,1,1,4294967295
tile_pallisade,1356,320,24,32,24,32,0,1,1,4294967295
tile_pallisade,1380,320,24,32,24,32,0,1,1,4294967295
tile_pallisade,1404,320,24,32,24,32,0,1,1,4294967295
tile_pallisade,1428,320,24,32,24,32,0,1,1,4294967295
tile_pallisade,1452,320,24,32,24,32,0,1,1,4294967295
tile_pallisade,1476,320,24,32,24,32,0,1,1,4294967295
tile_pallisade,1500,320,24,32,24,32,0,1,1,4294967295
tile_pallisade,1524,320,24,32,24,32,0,1,1,4294967295
tile_pallisade,1548,320,24,32,24,32,0,1,1,4294967295
tile_pallisade,1572,320,24,32,24,32,0,1,1,4294967295
tile_pallisade,1596,320,24,32,24,32,0,1,1,4294967295
tile_pallisade,1596,288,24,32,24,32,0,1,1,4294967295
tile_pallisade,1572,288,24,32,24,32,0,1,1,4294967295
tile_pallisade,1596,256,24,32,24,32,0,1,1,4294967295
tile_pallisade,1572,256,24,32,24,32,0,1,1,4294967295
tile_pallisade,1548,288,24,32,24,32,0,1,1,4294967295
tile_pallisade,1572,352,24,32,24,32,0,1,1,4294967295
tile_pallisade,1548,352,24,32,24,32,0,1,1,4294967295
tile_pallisade,1524,352,24,32,24,32,0,1,1,4294967295
tile_pallisade,1500,352,24,32,24,32,0,1,1,4294967295
tile_pallisade,1476,352,24,32,24,32,0,1,1,4294967295
tile_pallisade,1452,352,24,32,24,32,0,1,1,4294967295
tile_pallisade,1428,352,24,32,24,32,0,1,1,4294967295
tile_pallisade,1380,352,24,32,24,32,0,1,1,4294967295
tile_pallisade,1380,384,24,32,24,32,0,1,1,4294967295
tile_pallisade,1380,416,24,32,24,32,0,1,1,4294967295
tile_pallisade,1380,448,24,32,24,32,0,1,1,4294967295
tile_pallisade,1380,480,24,32,24,32,0,1,1,4294967295
tile_pallisade,1404,480,24,32,24,32,0,1,1,4294967295
tile_pallisade,1404,448,24,32,24,32,0,1,1,4294967295
tile_pallisade,1404,416,24,32,24,32,0,1,1,4294967295
tile_pallisade,1404,384,24,32,24,32,0,1,1,4294967295
tile_pallisade,1404,352,24,32,24,32,0,1,1,4294967295
tile_pallisade,1428,384,24,32,24,32,0,1,1,4294967295
tile_pallisade,1428,416,24,32,24,32,0,1,1,4294967295
tile_pallisade,1452,448,24,32,24,32,0,1,1,4294967295
tile_pallisade,1452,480,24,32,24,32,0,1,1,4294967295
tile_pallisade,1428,480,24,32,24,32,0,1,1,4294967295
tile_pallisade,1428,448,24,32,24,32,0,1,1,4294967295
tile_pallisade,1452,416,24,32,24,32,0,1,1,4294967295
tile_pallisade,1452,384,24,32,24,32,0,1,1,4294967295
tile_pallisade,1476,384,24,32,24,32,0,1,1,4294967295
tile_pallisade,1476,416,24,32,24,32,0,1,1,4294967295
tile_pallisade,1500,416,24,32,24,32,0,1,1,4294967295
tile_pallisade,1500,448,24,32,24,32,0,1,1,4294967295
tile_pallisade,1476,448,24,32,24,32,0,1,1,4294967295
tile_pallisade,1476,480,24,32,24,32,0,1,1,4294967295
tile_pallisade,1500,480,24,32,24,32,0,1,1,4294967295
tile_pallisade,1500,384,24,32,24,32,0,1,1,4294967295
tile_pallisade,1212,192,24,0,24,32,0,1,1,4294967295
tile_pallisade,1236,224,24,0,24,32,0,1,1,4294967295
tile_pallisade,1260,256,24,0,24,32,0,1,1,4294967295
tile_pallisade,1284,256,24,0,24,32,0,1,1,4294967295
tile_pallisade,1308,256,24,0,24,32,0,1,1,4294967295
tile_pallisade,1332,288,24,0,24,32,0,1,1,4294967295
tile_pallisade,1356,288,24,0,24,32,0,1,1,4294967295
tile_pallisade,1380,288,24,0,24,32,0,1,1,4294967295
tile_pallisade,1404,288,24,0,24,32,0,1,1,4294967295
tile_pallisade,1428,288,24,0,24,32,0,1,1,4294967295
tile_pallisade,1452,288,24,0,24,32,0,1,1,4294967295
tile_pallisade,1476,288,24,0,24,32,0,1,1,4294967295
tile_pallisade,1500,288,24,0,24,32,0,1,1,4294967295
tile_pallisade,1524,288,24,0,24,32,0,1,1,4294967295
tile_pallisade,1548,256,24,0,24,32,0,1,1,4294967295
tile_pallisade,1572,224,24,0,24,32,0,1,1,4294967295
tile_pallisade,1596,224,24,0,24,32,0,1,1,4294967295
tile_pallisade,1740,480,24,32,24,32,0,1,1,4294967295
tile_pallisade,1740,448,24,32,24,32,0,1,1,4294967295
tile_pallisade,1740,416,24,32,24,32,0,1,1,4294967295
tile_pallisade,1740,384,24,32,24,32,0,1,1,4294967295
tile_pallisade,1740,352,24,32,24,32,0,1,1,4294967295
tile_pallisade,1764,384,24,32,24,32,0,1,1,4294967295
tile_pallisade,1764,416,24,32,24,32,0,1,1,4294967295
tile_pallisade,1764,448,24,32,24,32,0,1,1,4294967295
tile_pallisade,1764,480,24,32,24,32,0,1,1,4294967295
tile_pallisade,1788,480,24,32,24,32,0,1,1,4294967295
tile_pallisade,1788,448,24,32,24,32,0,1,1,4294967295
tile_pallisade,1788,416,24,32,24,32,0,1,1,4294967295
tile_pallisade,1788,384,24,32,24,32,0,1,1,4294967295
tile_pallisade,1788,352,24,32,24,32,0,1,1,4294967295
tile_pallisade,1764,352,24,32,24,32,0,1,1,4294967295
tile_pallisade,1716,352,24,32,24,32,0,1,1,4294967295
tile_pallisade,1692,352,24,32,24,32,0,1,1,4294967295
tile_pallisade,1692,320,24,32,24,32,0,1,1,4294967295
tile_pallisade,1668,320,24,32,24,32,0,1,1,4294967295
tile_pallisade,1644,320,24,32,24,32,0,1,1,4294967295
tile_pallisade,1620,320,24,32,24,32,0,1,1,4294967295
tile_pallisade,1716,320,24,32,24,32,0,1,1,4294967295
tile_pallisade,1692,288,24,32,24,32,0,1,1,4294967295
tile_pallisade,1668,288,24,32,24,32,0,1,1,4294967295
tile_pallisade,1644,288,24,32,24,32,0,1,1,4294967295
tile_pallisade,1620,288,24,32,24,32,0,1,1,4294967295
tile_pallisade,1620,256,24,32,24,32,0,1,1,4294967295
tile_pallisade,1644,256,24,32,24,32,0,1,1,4294967295
tile_pallisade,1668,256,24,32,24,32,0,1,1,4294967295
tile_pallisade,1812,352,24,32,24,32,0,1,1,4294967295
tile_pallisade,1812,320,24,32,24,32,0,1,1,4294967295
tile_pallisade,1836,320,24,32,24,32,0,1,1,4294967295
tile_pallisade,1860,320,24,32,24,32,0,1,1,4294967295
tile_pallisade,1836,352,24,32,24,32,0,1,1,4294967295
tile_pallisade,1884,320,24,32,24,32,0,1,1,4294967295
tile_pallisade,1908,320,24,32,24,32,0,1,1,4294967295
tile_pallisade,1932,320,24,32,24,32,0,1,1,4294967295
tile_pallisade,1956,320,24,32,24,32,0,1,1,4294967295
tile_pallisade,1956,352,24,32,24,32,0,1,1,4294967295
tile_pallisade,1980,352,24,32,24,32,0,1,1,4294967295
tile_pallisade,2004,352,24,32,24,32,0,1,1,4294967295
tile_pallisade,2028,352,24,32,24,32,0,1,1,4294967295
tile_pallisade,2052,352,24,32,24,32,0,1,1,4294967295
tile_pallisade,2076,352,24,32,24,32,0,1,1,4294967295
tile_pallisade,2076,320,24,32,24,32,0,1,1,4294967295
tile_pallisade,2052,320,24,32,24,32,0,1,1,4294967295
tile_pallisade,2028,320,24,32,24,32,0,1,1,4294967295
tile_pallisade,2004,320,24,32,24,32,0,1,1,4294967295
tile_pallisade,1980,320,24,32,24,32,0,1,1,4294967295
tile_pallisade,1980,288,24,32,24,32,0,1,1,4294967295
tile_pallisade,1956,288,24,32,24,32,0,1,1,4294967295
tile_pallisade,1932,288,24,32,24,32,0,1,1,4294967295
tile_pallisade,1908,288,24,32,24,32,0,1,1,4294967295
tile_pallisade,1884,288,24,32,24,32,0,1,1,4294967295
tile_pallisade,1860,288,24,32,24,32,0,1,1,4294967295
tile_pallisade,2028,288,24,32,24,32,0,1,1,4294967295
tile_pallisade,2004,288,24,32,24,32,0,1,1,4294967295
tile_pallisade,2052,288,24,32,24,32,0,1,1,4294967295
tile_pallisade,1620,224,24,0,24,32,0,1,1,4294967295
tile_pallisade,1644,224,24,0,24,32,0,1,1,4294967295
tile_pallisade,1668,224,24,0,24,32,0,1,1,4294967295
tile_pallisade,1692,256,24,0,24,32,0,1,1,4294967295
tile_pallisade,1716,288,24,0,24,32,0,1,1,4294967295
tile_pallisade,1740,320,24,0,24,32,0,1,1,4294967295
tile_pallisade,1764,320,24,0,24,32,0,1,1,4294967295
tile_pallisade,1788,320,24,0,24,32,0,1,1,4294967295
tile_pallisade,1812,288,24,0,24,32,0,1,1,4294967295
tile_pallisade,1836,288,24,0,24,32,0,1,1,4294967295
tile_pallisade,1860,256,24,0,24,32,0,1,1,4294967295
tile_pallisade,1884,256,24,0,24,32,0,1,1,4294967295
tile_pallisade,1908,256,24,0,24,32,0,1,1,4294967295
tile_pallisade,1932,256,24,0,24,32,0,1,1,4294967295
tile_pallisade,1956,256,24,0,24,32,0,1,1,4294967295
tile_pallisade,1980,256,24,0,24,32,0,1,1,4294967295
tile_pallisade,2004,256,24,0,24,32,0,1,1,4294967295
tile_pallisade,2028,256,24,0,24,32,0,1,1,4294967295
tile_pallisade,2052,256,24,0,24,32,0,1,1,4294967295
tile_pallisade,2076,288,24,0,24,32,0,1,1,4294967295
tile_pallisade,108,256,24,32,24,32,0,1,1,4294967295
tile_pallisade,132,256,24,32,24,32,0,1,1,4294967295
tile_pallisade,156,256,24,32,24,32,0,1,1,4294967295
tile_pallisade,180,256,24,32,24,32,0,1,1,4294967295
tile_pallisade,108,288,24,32,24,32,0,1,1,4294967295
tile_pallisade,204,288,24,32,24,32,0,1,1,4294967295
tile_pallisade,180,288,24,32,24,32,0,1,1,4294967295
tile_pallisade,156,288,24,32,24,32,0,1,1,4294967295
tile_pallisade,132,288,24,32,24,32,0,1,1,4294967295
tile_pallisade,108,288,24,32,24,32,0,1,1,4294967295
tile_pallisade,204,256,24,32,24,32,0,1,1,4294967295
tile_pallisade,84,288,24,32,24,32,0,1,1,4294967295
tile_pallisade,84,320,24,32,24,32,0,1,1,4294967295
tile_pallisade,84,256,24,32,24,32,0,1,1,4294967295
tile_pallisade,372,320,24,32,24,32,0,1,1,4294967295
tile_pallisade,492,320,24,32,24,32,0,1,1,4294967295
tile_pallisade,732,352,24,32,24,32,0,1,1,4294967295
tile_pallisade,660,320,24,32,24,32,0,1,1,4294967295
tile_pallisade,1140,256,24,32,24,32,0,1,1,4294967295
tile_pallisade,1164,288,24,32,24,32,0,1,1,4294967295
tile_pallisade,1188,320,24,32,24,32,0,1,1,4294967295
tile_pallisade,1236,352,24,32,24,32,0,1,1,4294967295
tile_pallisade,1356,384,24,32,24,32,0,1,1,4294967295
tile_pallisade,1356,416,24,32,24,32,0,1,1,4294967295
tile_pallisade,1356,448,24,32,24,32,0,1,1,4294967295
tile_pallisade,1356,480,24,32,24,32,0,1,1,4294967295
tile_pallisade,1668,352,24,32,24,32,0,1,1,4294967295
tile_pallisade,1716,384,24,32,24,32,0,1,1,4294967295
tile_pallisade,1716,416,24,32,24,32,0,1,1,4294967295
tile_pallisade,1716,448,24,32,24,32,0,1,1,4294967295
tile_pallisade,1716,480,24,32,24,32,0,1,1,4294967295
tile_pallisade,1932,352,24,32,24,32,0,1,1,4294967295
tile_pallisade,84,224,24,0,24,32,0,1,1,4294967295
tile_pallisade,2100,320,24,32,24,32,0,1,1,4294967295
tile_pallisade,2124,320,24,32,24,32,0,1,1,4294967295
tile_pallisade,2148,320,24,32,24,32,0,1,1,4294967295
tile_pallisade,2148,288,24,32,24,32,0,1,1,4294967295
tile_pallisade,2124,288,24,32,24,32,0,1,1,4294967295
tile_pallisade,2148,256,24,32,24,32,0,1,1,4294967295
tile_pallisade,2172,256,24,32,24,32,0,1,1,4294967295
tile_pallisade,2196,256,24,32,24,32,0,1,1,4294967295
tile_pallisade,2220,256,24,32,24,32,0,1,1,4294967295
tile_pallisade,2244,256,24,32,24,32,0,1,1,4294967295
tile_pallisade,2268,288,24,32,24,32,0,1,1,4294967295
tile_pallisade,2292,288,24,32,24,32,0,1,1,4294967295
tile_pallisade,2316,288,24,32,24,32,0,1,1,4294967295
tile_pallisade,2340,288,24,32,24,32,0,1,1,4294967295
tile_pallisade,2364,288,24,32,24,32,0,1,1,4294967295
tile_pallisade,2388,288,24,32,24,32,0,1,1,4294967295
tile_pallisade,2172,288,24,32,24,32,0,1,1,4294967295
tile_pallisade,2196,288,24,32,24,32,0,1,1,4294967295
tile_pallisade,2220,288,24,32,24,32,0,1,1,4294967295
tile_pallisade,2244,288,24,32,24,32,0,1,1,4294967295
tile_pallisade,2196,320,24,32,24,32,0,1,1,4294967295
tile_pallisade,2220,320,24,32,24,32,0,1,1,4294967295
tile_pallisade,2244,320,24,32,24,32,0,1,1,4294967295
tile_pallisade,2268,320,24,32,24,32,0,1,1,4294967295
tile_pallisade,2292,320,24,32,24,32,0,1,1,4294967295
tile_pallisade,2316,320,24,32,24,32,0,1,1,4294967295
tile_pallisade,2340,320,24,32,24,32,0,1,1,4294967295
tile_pallisade,2364,320,24,32,24,32,0,1,1,4294967295
tile_pallisade,2388,320,24,32,24,32,0,1,1,4294967295
tile_pallisade,2244,352,24,32,24,32,0,1,1,4294967295
tile_pallisade,2268,352,24,32,24,32,0,1,1,4294967295
tile_pallisade,2292,352,24,32,24,32,0,1,1,4294967295
tile_pallisade,2316,352,24,32,24,32,0,1,1,4294967295
tile_pallisade,2100,288,24,0,24,32,0,1,1,4294967295
tile_pallisade,2124,256,24,0,24,32,0,1,1,4294967295
tile_pallisade,2148,224,24,0,24,32,0,1,1,4294967295
tile_pallisade,2172,224,24,0,24,32,0,1,1,4294967295
tile_pallisade,2196,224,24,0,24,32,0,1,1,4294967295
tile_pallisade,2220,224,24,0,24,32,0,1,1,4294967295
tile_pallisade,2244,224,24,0,24,32,0,1,1,4294967295
tile_pallisade,2268,256,24,0,24,32,0,1,1,4294967295
tile_pallisade,2292,256,24,0,24,32,0,1,1,4294967295
tile_pallisade,2316,256,24,0,24,32,0,1,1,4294967295
tile_pallisade,2340,256,24,0,24,32,0,1,1,4294967295
tile_pallisade,2364,256,24,0,24,32,0,1,1,4294967295
tile_pallisade,2388,256,24,0,24,32,0,1,1,4294967295
tile_pallisade,2412,320,24,32,24,32,0,1,1,4294967295
tile_pallisade,2436,320,24,32,24,32,0,1,1,4294967295
tile_pallisade,2460,320,24,32,24,32,0,1,1,4294967295
tile_pallisade,2484,320,24,32,24,32,0,1,1,4294967295
tile_pallisade,2508,320,24,32,24,32,0,1,1,4294967295
tile_pallisade,2532,320,24,32,24,32,0,1,1,4294967295
tile_pallisade,2556,320,24,32,24,32,0,1,1,4294967295
tile_pallisade,2580,320,24,32,24,32,0,1,1,4294967295
tile_pallisade,2604,320,24,32,24,32,0,1,1,4294967295
tile_pallisade,2604,288,24,32,24,32,0,1,1,4294967295
tile_pallisade,2580,288,24,32,24,32,0,1,1,4294967295
tile_pallisade,2556,288,24,32,24,32,0,1,1,4294967295
tile_pallisade,2532,288,24,32,24,32,0,1,1,4294967295
tile_pallisade,2508,288,24,32,24,32,0,1,1,4294967295
tile_pallisade,2484,288,24,32,24,32,0,1,1,4294967295
tile_pallisade,2460,288,24,32,24,32,0,1,1,4294967295
tile_pallisade,2436,288,24,32,24,32,0,1,1,4294967295
tile_pallisade,2412,288,24,32,24,32,0,1,1,4294967295
tile_pallisade,2628,288,24,32,24,32,0,1,1,4294967295
tile_pallisade,2652,288,24,32,24,32,0,1,1,4294967295
tile_pallisade,2676,288,24,32,24,32,0,1,1,4294967295
tile_pallisade,2700,288,24,32,24,32,0,1,1,4294967295
tile_pallisade,2724,288,24,32,24,32,0,1,1,4294967295
tile_pallisade,2748,288,24,32,24,32,0,1,1,4294967295
tile_pallisade,2700,256,24,32,24,32,0,1,1,4294967295
tile_pallisade,2676,256,24,32,24,32,0,1,1,4294967295
tile_pallisade,2652,256,24,32,24,32,0,1,1,4294967295
tile_pallisade,2628,256,24,32,24,32,0,1,1,4294967295
tile_pallisade,2604,256,24,32,24,32,0,1,1,4294967295
tile_pallisade,2580,256,24,32,24,32,0,1,1,4294967295
tile_pallisade,2556,256,24,32,24,32,0,1,1,4294967295
tile_pallisade,2724,256,24,32,24,32,0,1,1,4294967295
tile_pallisade,2748,256,24,32,24,32,0,1,1,4294967295
tile_pallisade,2772,256,24,32,24,32,0,1,1,4294967295
tile_pallisade,2796,256,24,32,24,32,0,1,1,4294967295
tile_pallisade,2820,256,24,32,24,32,0,1,1,4294967295
tile_pallisade,2844,256,24,32,24,32,0,1,1,4294967295
tile_pallisade,2868,256,24,32,24,32,0,1,1,4294967295
tile_pallisade,2868,288,24,32,24,32,0,1,1,4294967295
tile_pallisade,2892,288,24,32,24,32,0,1,1,4294967295
tile_pallisade,2916,288,24,32,24,32,0,1,1,4294967295
tile_pallisade,2940,288,24,32,24,32,0,1,1,4294967295
tile_pallisade,2964,288,24,32,24,32,0,1,1,4294967295
tile_pallisade,2988,288,24,32,24,32,0,1,1,4294967295
tile_pallisade,3012,288,24,32,24,32,0,1,1,4294967295
tile_pallisade,3036,288,24,32,24,32,0,1,1,4294967295
tile_pallisade,3036,320,24,32,24,32,0,1,1,4294967295
tile_pallisade,3060,320,24,32,24,32,0,1,1,4294967295
tile_pallisade,3084,320,24,32,24,32,0,1,1,4294967295
tile_pallisade,3108,320,24,32,24,32,0,1,1,4294967295
tile_pallisade,3132,320,24,32,24,32,0,1,1,4294967295
tile_pallisade,3156,320,24,32,24,32,0,1,1,4294967295
tile_pallisade,3180,320,24,32,24,32,0,1,1,4294967295
tile_pallisade,3180,352,24,32,24,32,0,1,1,4294967295
tile_pallisade,3156,352,24,32,24,32,0,1,1,4294967295
tile_pallisade,3132,352,24,32,24,32,0,1,1,4294967295
tile_pallisade,3108,352,24,32,24,32,0,1,1,4294967295
tile_pallisade,3084,352,24,32,24,32,0,1,1,4294967295
tile_pallisade,3060,352,24,32,24,32,0,1,1,4294967295
tile_pallisade,3036,352,24,32,24,32,0,1,1,4294967295
tile_pallisade,3012,352,24,32,24,32,0,1,1,4294967295
tile_pallisade,3012,320,24,32,24,32,0,1,1,4294967295
tile_pallisade,2988,320,24,32,24,32,0,1,1,4294967295
tile_pallisade,2964,320,24,32,24,32,0,1,1,4294967295
tile_pallisade,2940,320,24,32,24,32,0,1,1,4294967295
tile_pallisade,2916,320,24,32,24,32,0,1,1,4294967295
tile_pallisade,2892,320,24,32,24,32,0,1,1,4294967295
tile_pallisade,2868,320,24,32,24,32,0,1,1,4294967295
tile_pallisade,2844,288,24,32,24,32,0,1,1,4294967295
tile_pallisade,2820,288,24,32,24,32,0,1,1,4294967295
tile_pallisade,2796,288,24,32,24,32,0,1,1,4294967295
tile_pallisade,2772,288,24,32,24,32,0,1,1,4294967295
tile_pallisade,2412,256,24,0,24,32,0,1,1,4294967295
tile_pallisade,2436,256,24,0,24,32,0,1,1,4294967295
tile_pallisade,2460,256,24,0,24,32,0,1,1,4294967295
tile_pallisade,2484,256,24,0,24,32,0,1,1,4294967295
tile_pallisade,2508,256,24,0,24,32,0,1,1,4294967295
tile_pallisade,2532,256,24,0,24,32,0,1,1,4294967295
tile_pallisade,2556,224,24,0,24,32,0,1,1,4294967295
tile_pallisade,2580,224,24,0,24,32,0,1,1,4294967295
tile_pallisade,2604,224,24,0,24,32,0,1,1,4294967295
tile_pallisade,2628,224,24,0,24,32,0,1,1,4294967295
tile_pallisade,2652,224,24,0,24,32,0,1,1,4294967295
tile_pallisade,2676,224,24,0,24,32,0,1,1,4294967295
tile_pallisade,2700,224,24,0,24,32,0,1,1,4294967295
tile_pallisade,2724,224,24,0,24,32,0,1,1,4294967295
tile_pallisade,2748,224,24,0,24,32,0,1,1,4294967295
tile_pallisade,2772,224,24,0,24,32,0,1,1,4294967295
tile_pallisade,2796,224,24,0,24,32,0,1,1,4294967295
tile_pallisade,2820,224,24,0,24,32,0,1,1,4294967295
tile_pallisade,2844,224,24,0,24,32,0,1,1,4294967295
tile_pallisade,2868,224,24,0,24,32,0,1,1,4294967295
tile_pallisade,2892,256,24,0,24,32,0,1,1,4294967295
tile_pallisade,2916,256,24,0,24,32,0,1,1,4294967295
tile_pallisade,2940,256,24,0,24,32,0,1,1,4294967295
tile_pallisade,2964,256,24,0,24,32,0,1,1,4294967295
tile_pallisade,2988,256,24,0,24,32,0,1,1,4294967295
tile_pallisade,3012,256,24,0,24,32,0,1,1,4294967295
tile_pallisade,3036,256,24,0,24,32,0,1,1,4294967295
tile_pallisade,3060,288,24,0,24,32,0,1,1,4294967295
tile_pallisade,3084,288,24,0,24,32,0,1,1,4294967295
tile_pallisade,3108,288,24,0,24,32,0,1,1,4294967295
tile_pallisade,3132,288,24,0,24,32,0,1,1,4294967295
tile_pallisade,3156,288,24,0,24,32,0,1,1,4294967295
tile_pallisade,3180,288,24,0,24,32,0,1,1,4294967295
tile_pallisade,3204,352,24,32,24,32,0,1,1,4294967295
tile_pallisade,3228,352,24,32,24,32,0,1,1,4294967295
tile_pallisade,3252,352,24,32,24,32,0,1,1,4294967295
tile_pallisade,3252,320,24,32,24,32,0,1,1,4294967295
tile_pallisade,3228,320,24,32,24,32,0,1,1,4294967295
tile_pallisade,3204,320,24,32,24,32,0,1,1,4294967295
tile_pallisade,3276,320,24,32,24,32,0,1,1,4294967295
tile_pallisade,3300,320,24,32,24,32,0,1,1,4294967295
tile_pallisade,3324,320,24,32,24,32,0,1,1,4294967295
tile_pallisade,3348,320,24,32,24,32,0,1,1,4294967295
tile_pallisade,3372,320,24,32,24,32,0,1,1,4294967295
tile_pallisade,3396,320,24,32,24,32,0,1,1,4294967295
tile_pallisade,3420,320,24,32,24,32,0,1,1,4294967295
tile_pallisade,3444,320,24,32,24,32,0,1,1,4294967295
tile_pallisade,3468,320,24,32,24,32,0,1,1,4294967295
tile_pallisade,3492,320,24,32,24,32,0,1,1,4294967295
tile_pallisade,3516,320,24,32,24,32,0,1,1,4294967295
tile_pallisade,3540,320,24,32,24,32,0,1,1,4294967295
tile_pallisade,3540,288,24,32,24,32,0,1,1,4294967295
tile_pallisade,3516,288,24,32,24,32,0,1,1,4294967295
tile_pallisade,3492,288,24,32,24,32,0,1,1,4294967295
tile_pallisade,3468,288,24,32,24,32,0,1,1,4294967295
tile_pallisade,3444,288,24,32,24,32,0,1,1,4294967295
tile_pallisade,3420,288,24,32,24,32,0,1,1,4294967295
tile_pallisade,3396,288,24,32,24,32,0,1,1,4294967295
tile_pallisade,3372,288,24,32,24,32,0,1,1,4294967295
tile_pallisade,3348,288,24,32,24,32,0,1,1,4294967295
tile_pallisade,3324,288,24,32,24,32,0,1,1,4294967295
tile_pallisade,3300,288,24,32,24,32,0,1,1,4294967295
tile_pallisade,3276,288,24,32,24,32,0,1,1,4294967295
tile_pallisade,3252,288,24,32,24,32,0,1,1,4294967295
tile_pallisade,3228,288,24,32,24,32,0,1,1,4294967295
tile_pallisade,3564,288,24,32,24,32,0,1,1,4294967295
tile_pallisade,3588,288,24,32,24,32,0,1,1,4294967295
tile_pallisade,3468,256,24,32,24,32,0,1,1,4294967295
tile_pallisade,3492,256,24,32,24,32,0,1,1,4294967295
tile_pallisade,3516,256,24,32,24,32,0,1,1,4294967295
tile_pallisade,3540,256,24,32,24,32,0,1,1,4294967295
tile_pallisade,3564,256,24,32,24,32,0,1,1,4294967295
tile_pallisade,3588,256,24,32,24,32,0,1,1,4294967295
tile_pallisade,3612,256,24,32,24,32,0,1,1,4294967295
tile_pallisade,3636,256,24,32,24,32,0,1,1,4294967295
tile_pallisade,3660,256,24,32,24,32,0,1,1,4294967295
tile_pallisade,3684,256,24,32,24,32,0,1,1,4294967295
tile_pallisade,3708,256,24,32,24,32,0,1,1,4294967295
tile_pallisade,3732,256,24,32,24,32,0,1,1,4294967295
tile_pallisade,3756,256,24,32,24,32,0,1,1,4294967295
tile_pallisade,3780,256,24,32,24,32,0,1,1,4294967295
tile_pallisade,3708,288,24,32,24,32,0,1,1,4294967295
tile_pallisade,3684,288,24,32,24,32,0,1,1,4294967295
tile_pallisade,3660,288,24,32,24,32,0,1,1,4294967295
tile_pallisade,3636,288,24,32,24,32,0,1,1,4294967295
tile_pallisade,3612,288,24,32,24,32,0,1,1,4294967295
tile_pallisade,3732,288,24,32,24,32,0,1,1,4294967295
tile_pallisade,3756,288,24,32,24,32,0,1,1,4294967295
tile_pallisade,3780,288,24,32,24,32,0,1,1,4294967295
tile_pallisade,3828,288,24,32,24,32,0,1,1,4294967295
tile_pallisade,3804,288,24,32,24,32,0,1,1,4294967295
tile_pallisade,3852,288,24,32,24,32,0,1,1,4294967295
tile_pallisade,3876,288,24,32,24,32,0,1,1,4294967295
tile_pallisade,3900,288,24,32,24,32,0,1,1,4294967295
tile_pallisade,3780,320,24,32,24,32,0,1,1,4294967295
tile_pallisade,3804,320,24,32,24,32,0,1,1,4294967295
tile_pallisade,3828,320,24,32,24,32,0,1,1,4294967295
tile_pallisade,3852,320,24,32,24,32,0,1,1,4294967295
tile_pallisade,3876,320,24,32,24,32,0,1,1,4294967295
tile_pallisade,3900,320,24,32,24,32,0,1,1,4294967295
tile_pallisade,3900,352,24,32,24,32,0,1,1,4294967295
tile_pallisade,3924,352,24,32,24,32,0,1,1,4294967295
tile_pallisade,3948,352,24,32,24,32,0,1,1,4294967295
tile_pallisade,3972,352,24,32,24,32,0,1,1,4294967295
tile_pallisade,3972,320,24,32,24,32,0,1,1,4294967295
tile_pallisade,3948,320,24,32,24,32,0,1,1,4294967295
tile_pallisade,3924,320,24,32,24,32,0,1,1,4294967295
tile_pallisade,3996,320,24,32,24,32,0,1,1,4294967295
tile_pallisade,3996,288,24,32,24,32,0,1,1,4294967295
tile_pallisade,3996,352,24,32,24,32,0,1,1,4294967295
tile_pallisade,3972,288,24,32,24,32,0,1,1,4294967295
tile_pallisade,3948,288,24,32,24,32,0,1,1,4294967295
tile_pallisade,3924,288,24,32,24,32,0,1,1,4294967295
tile_pallisade,3204,288,24,0,24,32,0,1,1,4294967295
tile_pallisade,3228,256,24,0,24,32,0,1,1,4294967295
tile_pallisade,3252,256,24,0,24,32,0,1,1,4294967295
tile_pallisade,3276,256,24,0,24,32,0,1,1,4294967295
tile_pallisade,3300,256,24,0,24,32,0,1,1,4294967295
tile_pallisade,3324,256,24,0,24,32,0,1,1,4294967295
tile_pallisade,3348,256,24,0,24,32,0,1,1,4294967295
tile_pallisade,3372,256,24,0,24,32,0,1,1,4294967295
tile_pallisade,3396,256,24,0,24,32,0,1,1,4294967295
tile_pallisade,3420,256,24,0,24,32,0,1,1,4294967295
tile_pallisade,3444,256,24,0,24,32,0,1,1,4294967295
tile_pallisade,3468,224,24,0,24,32,0,1,1,4294967295
tile_pallisade,3492,224,24,0,24,32,0,1,1,4294967295
tile_pallisade,3516,224,24,0,24,32,0,1,1,4294967295
tile_pallisade,3540,224,24,0,24,32,0,1,1,4294967295
tile_pallisade,3564,224,24,0,24,32,0,1,1,4294967295
tile_pallisade,3588,224,24,0,24,32,0,1,1,4294967295
tile_pallisade,3612,224,24,0,24,32,0,1,1,4294967295
tile_pallisade,3636,224,24,0,24,32,0,1,1,4294967295
tile_pallisade,3660,224,24,0,24,32,0,1,1,4294967295
tile_pallisade,3684,224,24,0,24,32,0,1,1,4294967295
tile_pallisade,3708,224,24,0,24,32,0,1,1,4294967295
tile_pallisade,3732,224,24,0,24,32,0,1,1,4294967295
tile_pallisade,3756,224,24,0,24,32,0,1,1,4294967295
tile_pallisade,3780,224,24,0,24,32,0,1,1,4294967295
tile_pallisade,3804,256,24,0,24,32,0,1,1,4294967295
tile_pallisade,3828,256,24,0,24,32,0,1,1,4294967295
tile_pallisade,3852,256,24,0,24,32,0,1,1,4294967295
tile_pallisade,3876,256,24,0,24,32,0,1,1,4294967295
tile_pallisade,3900,256,24,0,24,32,0,1,1,4294967295
tile_pallisade,3924,256,24,0,24,32,0,1,1,4294967295
tile_pallisade,3948,256,24,0,24,32,0,1,1,4294967295
tile_pallisade,3972,256,24,0,24,32,0,1,1,4294967295
tile_pallisade,3996,256,24,0,24,32,0,1,1,4294967295
tile_pallisade,4020,352,24,32,24,32,0,1,1,4294967295
tile_pallisade,4044,352,24,32,24,32,0,1,1,4294967295
tile_pallisade,4068,352,24,32,24,32,0,1,1,4294967295
tile_pallisade,4092,352,24,32,24,32,0,1,1,4294967295
tile_pallisade,4068,320,24,32,24,32,0,1,1,4294967295
tile_pallisade,4044,320,24,32,24,32,0,1,1,4294967295
tile_pallisade,4020,320,24,32,24,32,0,1,1,4294967295
tile_pallisade,4020,288,24,32,24,32,0,1,1,4294967295
tile_pallisade,4044,288,24,32,24,32,0,1,1,4294967295
tile_pallisade,4092,320,24,32,24,32,0,1,1,4294967295
tile_pallisade,4116,320,24,32,24,32,0,1,1,4294967295
tile_pallisade,4140,320,24,32,24,32,0,1,1,4294967295
tile_pallisade,4164,320,24,32,24,32,0,1,1,4294967295
tile_pallisade,4188,320,24,32,24,32,0,1,1,4294967295
tile_pallisade,4212,320,24,32,24,32,0,1,1,4294967295
tile_pallisade,4236,320,24,32,24,32,0,1,1,4294967295
tile_pallisade,4260,320,24,32,24,32,0,1,1,4294967295
tile_pallisade,4260,288,24,32,24,32,0,1,1,4294967295
tile_pallisade,4236,288,24,32,24,32,0,1,1,4294967295
tile_pallisade,4212,288,24,32,24,32,0,1,1,4294967295
tile_pallisade,4188,288,24,32,24,32,0,1,1,4294967295
tile_pallisade,4164,288,24,32,24,32,0,1,1,4294967295
tile_pallisade,4140,288,24,32,24,32,0,1,1,4294967295
tile_pallisade,4116,288,24,32,24,32,0,1,1,4294967295
tile_pallisade,4092,288,24,32,24,32,0,1,1,4294967295
tile_pallisade,4068,288,24,32,24,32,0,1,1,4294967295
tile_pallisade,4116,256,24,32,24,32,0,1,1,4294967295
tile_pallisade,4140,256,24,32,24,32,0,1,1,4294967295
tile_pallisade,4164,256,24,32,24,32,0,1,1,4294967295
tile_pallisade,4188,256,24,32,24,32,0,1,1,4294967295
tile_pallisade,4212,256,24,32,24,32,0,1,1,4294967295
tile_pallisade,4236,256,24,32,24,32,0,1,1,4294967295
tile_pallisade,4260,256,24,32,24,32,0,1,1,4294967295
tile_pallisade,4260,224,24,32,24,32,0,1,1,4294967295
tile_pallisade,4284,224,24,32,24,32,0,1,1,4294967295
tile_pallisade,4308,224,24,32,24,32,0,1,1,4294967295
tile_pallisade,4332,224,24,32,24,32,0,1,1,4294967295
tile_pallisade,4356,224,24,32,24,32,0,1,1,4294967295
tile_pallisade,4380,224,24,32,24,32,0,1,1,4294967295
tile_pallisade,4404,224,24,32,24,32,0,1,1,4294967295
tile_pallisade,4428,224,24,32,24,32,0,1,1,4294967295
tile_pallisade,4452,224,24,32,24,32,0,1,1,4294967295
tile_pallisade,4476,224,24,32,24,32,0,1,1,4294967295
tile_pallisade,4500,224,24,32,24,32,0,1,1,4294967295
tile_pallisade,4524,224,24,32,24,32,0,1,1,4294967295
tile_pallisade,4548,224,24,32,24,32,0,1,1,4294967295
tile_pallisade,4572,224,24,32,24,32,0,1,1,4294967295
tile_pallisade,4572,256,24,32,24,32,0,1,1,4294967295
tile_pallisade,4596,256,24,32,24,32,0,1,1,4294967295
tile_pallisade,4620,256,24,32,24,32,0,1,1,4294967295
tile_pallisade,4644,256,24,32,24,32,0,1,1,4294967295
tile_pallisade,4668,256,24,32,24,32,0,1,1,4294967295
tile_pallisade,4668,288,24,32,24,32,0,1,1,4294967295
tile_pallisade,4692,288,24,32,24,32,0,1,1,4294967295
tile_pallisade,4716,288,24,32,24,32,0,1,1,4294967295
tile_pallisade,4740,288,24,32,24,32,0,1,1,4294967295
tile_pallisade,4764,288,24,32,24,32,0,1,1,4294967295
tile_pallisade,4788,288,24,32,24,32,0,1,1,4294967295
tile_pallisade,4788,320,24,32,24,32,0,1,1,4294967295
tile_pallisade,4764,320,24,32,24,32,0,1,1,4294967295
tile_pallisade,4740,320,24,32,24,32,0,1,1,4294967295
tile_pallisade,4716,320,24,32,24,32,0,1,1,4294967295
tile_pallisade,4692,320,24,32,24,32,0,1,1,4294967295
tile_pallisade,4668,320,24,32,24,32,0,1,1,4294967295
tile_pallisade,4644,320,24,32,24,32,0,1,1,4294967295
tile_pallisade,4620,320,24,32,24,32,0,1,1,4294967295
tile_pallisade,4596,320,24,32,24,32,0,1,1,4294967295
tile_pallisade,4572,320,24,32,24,32,0,1,1,4294967295
tile_pallisade,4548,320,24,32,24,32,0,1,1,4294967295
tile_pallisade,4524,320,24,32,24,32,0,1,1,4294967295
tile_pallisade,4788,352,24,32,24,32,0,1,1,4294967295
tile_pallisade,4764,352,24,32,24,32,0,1,1,4294967295
tile_pallisade,4740,352,24,32,24,32,0,1,1,4294967295
tile_pallisade,4644,288,24,32,24,32,0,1,1,4294967295
tile_pallisade,4620,288,24,32,24,32,0,1,1,4294967295
tile_pallisade,4596,288,24,32,24,32,0,1,1,4294967295
tile_pallisade,4572,288,24,32,24,32,0,1,1,4294967295
tile_pallisade,4548,288,24,32,24,32,0,1,1,4294967295
tile_pallisade,4524,288,24,32,24,32,0,1,1,4294967295
tile_pallisade,4500,288,24,32,24,32,0,1,1,4294967295
tile_pallisade,4476,288,24,32,24,32,0,1,1,4294967295
tile_pallisade,4452,288,24,32,24,32,0,1,1,4294967295
tile_pallisade,4428,288,24,32,24,32,0,1,1,4294967295
tile_pallisade,4404,288,24,32,24,32,0,1,1,4294967295
tile_pallisade,4380,288,24,32,24,32,0,1,1,4294967295
tile_pallisade,4356,288,24,32,24,32,0,1,1,4294967295
tile_pallisade,4332,288,24,32,24,32,0,1,1,4294967295
tile_pallisade,4308,288,24,32,24,32,0,1,1,4294967295
tile_pallisade,4284,288,24,32,24,32,0,1,1,4294967295
tile_pallisade,4284,256,24,32,24,32,0,1,1,4294967295
tile_pallisade,4308,256,24,32,24,32,0,1,1,4294967295
tile_pallisade,4332,256,24,32,24,32,0,1,1,4294967295
tile_pallisade,4356,256,24,32,24,32,0,1,1,4294967295
tile_pallisade,4380,256,24,32,24,32,0,1,1,4294967295
tile_pallisade,4404,256,24,32,24,32,0,1,1,4294967295
tile_pallisade,4428,256,24,32,24,32,0,1,1,4294967295
tile_pallisade,4452,256,24,32,24,32,0,1,1,4294967295
tile_pallisade,4476,256,24,32,24,32,0,1,1,4294967295
tile_pallisade,4500,256,24,32,24,32,0,1,1,4294967295
tile_pallisade,4524,256,24,32,24,32,0,1,1,4294967295
tile_pallisade,4548,256,24,32,24,32,0,1,1,4294967295
tile_pallisade,4020,256,24,0,24,32,0,1,1,4294967295
tile_pallisade,4044,256,24,0,24,32,0,1,1,4294967295
tile_pallisade,4068,256,24,0,24,32,0,1,1,4294967295
tile_pallisade,4092,256,24,0,24,32,0,1,1,4294967295
tile_pallisade,4116,224,24,0,24,32,0,1,1,4294967295
tile_pallisade,4140,224,24,0,24,32,0,1,1,4294967295
tile_pallisade,4164,224,24,0,24,32,0,1,1,4294967295
tile_pallisade,4188,224,24,0,24,32,0,1,1,4294967295
tile_pallisade,4212,224,24,0,24,32,0,1,1,4294967295
tile_pallisade,4236,224,24,0,24,32,0,1,1,4294967295
tile_pallisade,4260,192,24,0,24,32,0,1,1,4294967295
tile_pallisade,4284,192,24,0,24,32,0,1,1,4294967295
tile_pallisade,4308,192,24,0,24,32,0,1,1,4294967295
tile_pallisade,4332,192,24,0,24,32,0,1,1,4294967295
tile_pallisade,4356,192,24,0,24,32,0,1,1,4294967295
tile_pallisade,4380,192,24,0,24,32,0,1,1,4294967295
tile_pallisade,4404,192,24,0,24,32,0,1,1,4294967295
tile_pallisade,4428,192,24,0,24,32,0,1,1,4294967295
tile_pallisade,4452,192,24,0,24,32,0,1,1,4294967295
tile_pallisade,4476,192,24,0,24,32,0,1,1,4294967295
tile_pallisade,4500,192,24,0,24,32,0,1,1,4294967295
tile_pallisade,4524,192,24,0,24,32,0,1,1,4294967295
tile_pallisade,4548,192,24,0,24,32,0,1,1,4294967295
tile_pallisade,4572,192,24,0,24,32,0,1,1,4294967295
tile_pallisade,4596,224,24,0,24,32,0,1,1,4294967295
tile_pallisade,4620,224,24,0,24,32,0,1,1,4294967295
tile_pallisade,4644,224,24,0,24,32,0,1,1,4294967295
tile_pallisade,4668,224,24,0,24,32,0,1,1,4294967295
tile_pallisade,4692,256,24,0,24,32,0,1,1,4294967295
tile_pallisade,4716,256,24,0,24,32,0,1,1,4294967295
tile_pallisade,4740,256,24,0,24,32,0,1,1,4294967295
tile_pallisade,4764,256,24,0,24,32,0,1,1,4294967295
tile_pallisade,4788,256,24,0,24,32,0,1,1,4294967295
tile_pallisade,4812,352,24,32,24,32,0,1,1,4294967295
tile_pallisade,4836,352,24,32,24,32,0,1,1,4294967295
tile_pallisade,4836,320,24,32,24,32,0,1,1,4294967295
tile_pallisade,4812,320,24,32,24,32,0,1,1,4294967295
tile_pallisade,4812,288,24,32,24,32,0,1,1,4294967295
tile_pallisade,4836,288,24,32,24,32,0,1,1,4294967295
tile_pallisade,4860,288,24,32,24,32,0,1,1,4294967295
tile_pallisade,4860,320,24,32,24,32,0,1,1,4294967295
tile_pallisade,4884,320,24,32,24,32,0,1,1,4294967295
tile_pallisade,4908,320,24,32,24,32,0,1,1,4294967295
tile_pallisade,4932,320,24,32,24,32,0,1,1,4294967295
tile_pallisade,4956,320,24,32,24,32,0,1,1,4294967295
tile_pallisade,4956,384,24,32,24,32,0,1,1,4294967295
tile_pallisade,4956,416,24,32,24,32,0,1,1,4294967295
tile_pallisade,4956,448,24,32,24,32,0,1,1,4294967295
tile_pallisade,4980,416,24,32,24,32,0,1,1,4294967295
tile_pallisade,4956,352,24,32,24,32,0,1,1,4294967295
tile_pallisade,4884,288,24,32,24,32,0,1,1,4294967295
tile_pallisade,4836,256,24,32,24,32,0,1,1,4294967295
tile_pallisade,4860,256,24,32,24,32,0,1,1,4294967295
tile_pallisade,4884,256,24,32,24,32,0,1,1,4294967295
tile_pallisade,4908,256,24,32,24,32,0,1,1,4294967295
tile_pallisade,4932,256,24,32,24,32,0,1,1,4294967295
tile_pallisade,4956,256,24,32,24,32,0,1,1,4294967295
tile_pallisade,4980,256,24,32,24,32,0,1,1,4294967295
tile_pallisade,5004,256,24,32,24,32,0,1,1,4294967295
tile_pallisade,5028,256,24,32,24,32,0,1,1,4294967295
tile_pallisade,5052,256,24,32,24,32,0,1,1,4294967295
tile_pallisade,4932,288,24,32,24,32,0,1,1,4294967295
tile_pallisade,4908,288,24,32,24,32,0,1,1,4294967295
tile_pallisade,4956,288,24,32,24,32,0,1,1,4294967295
tile_pallisade,4980,288,24,32,24,32,0,1,1,4294967295
tile_pallisade,5004,288,24,32,24,32,0,1,1,4294967295
tile_pallisade,5028,288,24,32,24,32,0,1,1,4294967295
tile_pallisade,5004,448,24,32,24,32,0,1,1,4294967295
tile_pallisade,4980,448,24,32,24,32,0,1,1,4294967295
tile_pallisade,4980,384,24,32,24,32,0,1,1,4294967295
tile_pallisade,4980,352,24,32,24,32,0,1,1,4294967295
tile_pallisade,5004,352,24,32,24,32,0,1,1,4294967295
tile_pallisade,5004,384,24,32,24,32,0,1,1,4294967295
tile_pallisade,5052,288,24,32,24,32,0,1,1,4294967295
tile_pallisade,5052,320,24,32,24,32,0,1,1,4294967295
tile_pallisade,5052,352,24,32,24,32,0,1,1,4294967295
tile_pallisade,5052,384,24,32,24,32,0,1,1,4294967295
tile_pallisade,5052,416,24,32,24,32,0,1,1,4294967295
tile_pallisade,5052,448,24,32,24,32,0,1,1,4294967295
tile_pallisade,5028,448,24,32,24,32,0,1,1,4294967295
tile_pallisade,5004,416,24,32,24,32,0,1,1,4294967295
tile_pallisade,5028,416,24,32,24,32,0,1,1,4294967295
tile_pallisade,5028,384,24,32,24,32,0,1,1,4294967295
tile_pallisade,5028,352,24,32,24,32,0,1,1,4294967295
tile_pallisade,5028,320,24,32,24,32,0,1,1,4294967295
tile_pallisade,4980,320,24,32,24,32,0,1,1,4294967295
tile_pallisade,5004,320,24,32,24,32,0,1,1,4294967295
tile_pallisade,5076,256,24,32,24,32,0,1,1,4294967295
tile_pallisade,5100,256,24,32,24,32,0,1,1,4294967295
tile_pallisade,5124,256,24,32,24,32,0,1,1,4294967295
tile_pallisade,4812,256,24,0,24,32,0,1,1,4294967295
tile_pallisade,4836,224,24,0,24,32,0,1,1,4294967295
tile_pallisade,4860,224,24,0,24,32,0,1,1,4294967295
tile_pallisade,4884,224,24,0,24,32,0,1,1,4294967295
tile_pallisade,4908,224,24,0,24,32,0,1,1,4294967295
tile_pallisade,4932,224,24,0,24,32,0,1,1,4294967295
tile_pallisade,4956,224,24,0,24,32,0,1,1,4294967295
tile_pallisade,4980,224,24,0,24,32,0,1,1,4294967295
tile_pallisade,5004,224,24,0,24,32,0,1,1,4294967295
tile_pallisade,5028,224,24,0,24,32,0,1,1,4294967295
tile_pallisade,5052,224,24,0,24,32,0,1,1,4294967295
tile_pallisade,5076,224,24,0,24,32,0,1,1,4294967295
tile_pallisade,5100,224,24,0,24,32,0,1,1,4294967295
tile_pallisade,5124,224,24,0,24,32,0,1,1,4294967295
